0.075 0.08 0 0.0190245
0.075 0.0825 0.00174723 0.0159724
0.075 0.085 0.00413685 0.0135858
0.075 0.0875 0.0064179 0.0115229
0.075 0.09 0.00876831 0.00916139
0.075 0.0925 0.0111589 0.00723622
0.075 0.095 0.0133113 0.00549502
0.075 0.0975 0.0155903 0.00385536
0.075 0.1 0.0176854 0.00252634
0.075 0.1025 0.0196136 0.0014386
0.075 0.105 0.021589 0.000656467
0.075 0.1075 0.0233091 0.000218152
0.075 0.11 0.0251136 1.50796e-05
0.075 0.1125 0.0267362 1.00531e-06
0.075 0.115 0.0282623 0
0.075 0.1175 0.0297642 0
0.075 0.12 0.0311465 0
0.075 0.1225 0.0323971 -1.00531e-06
0.075 0.125 0.0335884 0
0.075 0.1275 0.0346108 0
0.075 0.13 0.0354945 0
0.075 0.1325 0.036169 0
0.075 0.135 0.0365018 0
0.075 0.1375 0.0364978 0
0.0775 0.08 0 0.020258
0.0775 0.0825 0.000819328 0.0168761
0.0775 0.085 0.00301291 0.0144212
0.0775 0.0875 0.005112 0.0125754
0.0775 0.09 0.00746041 0.00989225
0.0775 0.0925 0.00982288 0.00791581
0.0775 0.095 0.0119551 0.00616456
0.0775 0.0975 0.014199 0.00443945
0.0775 0.1 0.0163876 0.00298376
0.0775 0.1025 0.0182424 0.00178644
0.0775 0.105 0.0202701 0.000893721
0.0775 0.1075 0.0220294 0.000421225
0.0775 0.11 0.0238389 5.02655e-05
0.0775 0.1125 0.0255811 5.02655e-06
0.0775 0.115 0.0270479 0
0.0775 0.1175 0.0286252 0
0.0775 0.12 0.0300648 0
0.0775 0.1225 0.0312933 0
0.0775 0.125 0.0325972 0
0.0775 0.1275 0.0336477 0
0.0775 0.13 0.0347144 0
0.0775 0.1325 0.0355256 0
0.0775 0.135 0.0361198 0
0.0775 0.1375 0.0364365 1.00531e-06
0.08 0.08 0 0.0215388
0.08 0.0825 0.000104552 0.0189682
0.08 0.085 0.00176532 0.0163855
0.08 0.0875 0.00381817 0.0139959
0.08 0.09 0.00607911 0.0116485
0.08 0.0925 0.00829481 0.00954542
0.08 0.095 0.0104874 0.00755893
0.08 0.0975 0.0126679 0.00576244
0.08 0.1 0.0147821 0.00413283
0.08 0.1025 0.0168651 0.00275354
0.08 0.105 0.0187732 0.00161252
0.08 0.1075 0.020641 0.000791179
0.08 0.11 0.0225149 0.000246301
0.08 0.1125 0.0241918 2.71434e-05
0.08 0.115 0.0257902 4.02124e-06
0.08 0.1175 0.0273575 0
0.08 0.12 0.0287589 0
0.08 0.1225 0.0301573 0
0.08 0.125 0.0314471 0
0.08 0.1275 0.0326334 0
0.08 0.13 0.0337322 0
0.08 0.1325 0.0347103 0
0.08 0.135 0.0354734 0
0.08 0.1375 0.0360886 0
0.0825 0.08 0 0.022903
0.0825 0.0825 0 0.0199122
0.0825 0.085 0.000925891 0.0173607
0.0825 0.0875 0.00273243 0.0148354
0.0825 0.09 0.00486369 0.0124749
0.0825 0.0925 0.00704823 0.0102793
0.0825 0.095 0.00918451 0.0082174
0.0825 0.0975 0.0114183 0.00634451
0.0825 0.1 0.0134732 0.00472496
0.0825 0.1025 0.015533 0.00321398
0.0825 0.105 0.0175215 0.00200358
0.0825 0.1075 0.0193341 0.00103748
0.0825 0.11 0.0211618 0.000398103
0.0825 0.1125 0.0229522 8.34407e-05
0.0825 0.115 0.0245738 9.04779e-06
0.0825 0.1175 0.0261491 0
0.0825 0.12 0.0276581 0
0.0825 0.1225 0.0290022 1.00531e-06
0.0825 0.125 0.0303594 0
0.0825 0.1275 0.0315889 -1.00531e-06
0.0825 0.13 0.0327188 1.00531e-06
0.0825 0.1325 0.0338025 0
0.0825 0.135 0.0346953 1.00531e-06
0.0825 0.1375 0.0354563 0
0.085 0.08 0 0.0243305
0.085 0.0825 0 0.0208803
0.085 0.085 0.00030662 0.0182836
0.085 0.0875 0.00180252 0.0159905
0.085 0.09 0.00375986 0.0132892
0.085 0.0925 0.00591323 0.0110765
0.085 0.095 0.00800428 0.00891207
0.085 0.0975 0.0101747 0.00701907
0.085 0.1 0.0122789 0.00531608
0.085 0.1025 0.0142231 0.00370256
0.085 0.105 0.0163343 0.00241375
0.085 0.1075 0.0181016 0.00144664
0.085 0.11 0.0199695 0.000587101
0.085 0.1125 0.021777 0.000147781
0.085 0.115 0.0234016 1.3069e-05
0.085 0.1175 0.0250553 1.00531e-06
0.085 0.12 0.0265191 0
0.085 0.1225 0.0279768 0
0.085 0.125 0.0292967 0
0.085 0.1275 0.0305443 0
0.085 0.13 0.0317708 0
0.085 0.1325 0.0328696 -1.00531e-06
0.085 0.135 0.0338387 0
0.085 0.1375 0.0347566 -1.00531e-06
0.0875 0.08 0 0.0257239
0.0875 0.0825 0 0.0219117
0.0875 0.085 3.01593e-06 0.0192356
0.0875 0.0875 0.000984198 0.0172069
0.0875 0.09 0.0027455 0.0141447
0.0875 0.0925 0.00482046 0.0118506
0.0875 0.095 0.0067969 0.00986008
0.0875 0.0975 0.00898546 0.00767554
0.0875 0.1 0.0111026 0.00589011
0.0875 0.1025 0.0130137 0.00423638
0.0875 0.105 0.0150977 0.00284503
0.0875 0.1075 0.0168792 0.00194729
0.0875 0.11 0.0187772 0.000824354
0.0875 0.1125 0.0205968 0.000269423
0.0875 0.115 0.0222385 5.22761e-05
0.0875 0.1175 0.0239234 5.02655e-06
0.0875 0.12 0.0254746 0
0.0875 0.1225 0.0268488 0
0.0875 0.125 0.0282743 0
0.0875 0.1275 0.0294928 0
0.0875 0.13 0.0307796 0
0.0875 0.1325 0.0319689 0
0.0875 0.135 0.0329571 1.00531e-06
0.0875 0.1375 0.0339523 1.00531e-06
0.09 0.08 0 0.0271112
0.09 0.0825 0 0.0242903
0.09 0.085 0 0.0214222
0.09 0.0875 0.000329742 0.018739
0.09 0.09 0.00176331 0.0161342
0.09 0.0925 0.00356785 0.0137426
0.09 0.095 0.00558852 0.0114615
0.09 0.0975 0.0076494 0.00934034
0.09 0.1 0.009655 0.00737194
0.09 0.1025 0.011736 0.00564683
0.09 0.105 0.0136943 0.00400616
0.09 0.1075 0.0156255 0.00264698
0.09 0.11 0.0174864 0.0015522
0.09 0.1125 0.0192577 0.000733876
0.09 0.115 0.0209597 0.000223179
0.09 0.1175 0.0226647 2.31221e-05
0.09 0.12 0.024235 2.01062e-06
0.09 0.1225 0.0257319 0
0.09 0.125 0.0271273 0
0.09 0.1275 0.0284654 0
0.09 0.13 0.0297501 0
0.09 0.1325 0.0309153 -1.00531e-06
0.09 0.135 0.0320332 0
0.09 0.1375 0.0330566 0
0.0925 0.08 0 0.0286232
0.0925 0.0825 0 0.0253398
0.0925 0.085 0 0.0224606
0.0925 0.0875 2.01062e-05 0.0196749
0.0925 0.09 0.000998273 0.0170792
0.0925 0.0925 0.00262486 0.0145931
0.0925 0.095 0.00449776 0.0122467
0.0925 0.0975 0.0065506 0.0100903
0.0925 0.1 0.00854513 0.00805957
0.0925 0.1025 0.0105186 0.00620377
0.0925 0.105 0.012502 0.00460834
0.0925 0.1075 0.0143779 0.00310741
0.0925 0.11 0.0163101 0.00191512
0.0925 0.1125 0.0180835 0.000989225
0.0925 0.115 0.0198187 0.000366938
0.0925 0.1175 0.0214975 6.53451e-05
0.0925 0.12 0.023097 8.04248e-06
0.0925 0.1225 0.024615 0
0.0925 0.125 0.0260365 0
0.0925 0.1275 0.0273635 0
0.0925 0.13 0.0287006 0
0.0925 0.1325 0.029922 -1.00531e-06
0.0925 0.135 0.0310751 0
0.0925 0.1375 0.0321548 0
0.095 0.08 0 0.0301563
0.095 0.0825 0 0.0263753
0.095 0.085 0 0.0235112
0.095 0.0875 0 0.0209507
0.095 0.09 0.000416198 0.0180272
0.095 0.0925 0.00182765 0.0154898
0.095 0.095 0.00352964 0.0130781
0.095 0.0975 0.00551815 0.0108734
0.095 0.1 0.00747951 0.00876429
0.095 0.1025 0.00941975 0.00685018
0.095 0.105 0.0114093 0.00517936
0.095 0.1075 0.013248 0.00377594
0.095 0.11 0.0151752 0.00233835
0.095 0.1125 0.0170068 0.00129786
0.095 0.115 0.0186777 0.000553926
0.095 0.1175 0.0203967 0.000140743
0.095 0.12 0.0220213 1.3069e-05
0.095 0.1225 0.0235353 0
0.095 0.125 0.024996 0
0.095 0.1275 0.0263522 -1.00531e-06
0.095 0.13 0.0277315 -1.00531e-06
0.095 0.1325 0.028965 0
0.095 0.135 0.0301251 0
0.095 0.1375 0.0312842 0
0.0975 0.08 0 0.0316582
0.0975 0.0825 0 0.0275244
0.0975 0.085 0 0.0245949
0.0975 0.0875 0 0.022345
0.0975 0.09 6.53452e-05 0.01894
0.0975 0.0925 0.00112896 0.0163795
0.0975 0.095 0.0026128 0.0141799
0.0975 0.0975 0.00453395 0.0116405
0.0975 0.1 0.00648324 0.00954944
0.0975 0.1025 0.00833905 0.00753681
0.0975 0.105 0.0103034 0.0057745
0.0975 0.1075 0.012115 0.00457316
0.0975 0.11 0.014019 0.00274952
0.0975 0.1125 0.0159392 0.00164871
0.0975 0.115 0.0175869 0.000860545
0.0975 0.1175 0.0193432 0.000255349
0.0975 0.12 0.0209607 2.81487e-05
0.0975 0.1225 0.0224697 4.02124e-06
0.0975 0.125 0.0240339 0
0.0975 0.1275 0.0253348 1.00531e-06
0.0975 0.13 0.0267402 0
0.0975 0.1325 0.0280441 0
0.0975 0.135 0.0291902 0
0.0975 0.1375 0.0303423 0
0.1 0.08 0 0.0331682
0.1 0.0825 0 0.030106
0.1 0.085 0 0.0269413
0.1 0.0875 0 0.024043
0.1 0.09 1.00531e-06 0.0211658
0.1 0.0925 0.000431278 0.0185138
0.1 0.095 0.00176733 0.0159663
0.1 0.0975 0.00345223 0.0135657
0.1 0.1 0.00526883 0.0113067
0.1 0.1025 0.00718093 0.00921065
0.1 0.105 0.00910409 0.00728347
0.1 0.1075 0.0109951 0.00557042
0.1 0.11 0.0128278 0.00395087
0.1 0.1125 0.0146695 0.00260677
0.1 0.115 0.016466 0.00153712
0.1 0.1175 0.0181187 0.000723823
0.1 0.12 0.0197956 0.000216142
0.1 0.1225 0.0213387 2.11115e-05
0.1 0.125 0.0228768 3.01593e-06
0.1 0.1275 0.0243315 1.00531e-06
0.1 0.13 0.0256987 1.00531e-06
0.1 0.1325 0.0270097 0
0.1 0.135 0.0282522 0
0.1 0.1375 0.0294194 0
0.1025 0.08 0 0.034832
0.1025 0.0825 0 0.031231
0.1025 0.085 0 0.0280984
0.1025 0.0875 0 0.0250775
0.1025 0.09 0 0.0222033
0.1025 0.0925 8.54514e-05 0.0194769
0.1025 0.095 0.00104653 0.0168731
0.1025 0.0975 0.00258465 0.0144131
0.1025 0.1 0.0043349 0.012117
0.1025 0.1025 0.00616557 0.00994051
0.1025 0.105 0.00806761 0.00796206
0.1025 0.1075 0.00985204 0.00612435
0.1025 0.11 0.0117501 0.00454903
0.1025 0.1125 0.0135596 0.00307122
0.1025 0.115 0.015336 0.00189803
0.1025 0.1175 0.0170581 0.000980177
0.1025 0.12 0.0186968 0.000364928
0.1025 0.1225 0.0202691 6.43398e-05
0.1025 0.125 0.0217871 9.04779e-06
0.1025 0.1275 0.0232508 0
0.1025 0.13 0.0246804 -1.00531e-06
0.1025 0.1325 0.0259873 0
0.1025 0.135 0.027268 0
0.1025 0.1375 0.0284493 0
0.105 0.08 0 0.0364978
0.105 0.0825 0 0.0324233
0.105 0.085 0 0.0292696
0.105 0.0875 0 0.026498
0.105 0.09 0 0.0232367
0.105 0.0925 5.02655e-06 0.0204329
0.105 0.095 0.000522761 0.0178181
0.105 0.0975 0.00185279 0.0153129
0.105 0.1 0.00348642 0.0129404
0.105 0.1025 0.00522158 0.0107417
0.105 0.105 0.00709246 0.00867784
0.105 0.1075 0.00886181 0.00700902
0.105 0.11 0.0107287 0.00512407
0.105 0.1125 0.0125342 0.00358292
0.105 0.115 0.0142623 0.00232227
0.105 0.1175 0.0160598 0.00128378
0.105 0.12 0.0176975 0.000563979
0.105 0.1225 0.0192788 0.000140743
0.105 0.125 0.020824 1.20637e-05
0.105 0.1275 0.0222445 1.00531e-06
0.105 0.13 0.0237102 0
0.105 0.1325 0.0250795 0
0.105 0.135 0.026307 0
0.105 0.1375 0.0275656 0
0.1075 0.08 0 0.0381324
0.1075 0.0825 0 0.0336678
0.1075 0.085 0 0.0304197
0.1075 0.0875 0 0.02802
0.1075 0.09 0 0.0243114
0.1075 0.0925 0 0.0214604
0.1075 0.095 0.000131696 0.0190677
0.1075 0.0975 0.00120436 0.0162016
0.1075 0.1 0.0026882 0.013823
0.1075 0.1025 0.00431077 0.0115148
0.1075 0.105 0.00616858 0.00943886
0.1075 0.1075 0.00788967 0.00796004
0.1075 0.11 0.00971632 0.00572021
0.1075 0.1125 0.0115671 0.00413082
0.1075 0.115 0.0132419 0.00290635
0.1075 0.1175 0.0150324 0.00163262
0.1075 0.12 0.0167233 0.00081028
0.1075 0.1225 0.0182635 0.000250322
0.1075 0.125 0.019877 2.71434e-05
0.1075 0.1275 0.0212693 8.04248e-06
0.1075 0.13 0.0227351 0
0.1075 0.1325 0.0241857 0
0.1075 0.135 0.0254193 0
0.1075 0.1375 0.0266829 0
0.11 0.08 0 0.039749
0.11 0.0825 0 0.0364033
0.11 0.085 0 0.0330003
0.11 0.0875 0 0.0298607
0.11 0.09 0 0.026689
0.11 0.0925 0 0.0237967
0.11 0.095 7.03717e-06 0.0209738
0.11 0.0975 0.000569005 0.0183509
0.11 0.1 0.00182062 0.0158165
0.11 0.1025 0.00339996 0.0134651
0.11 0.105 0.0051311 0.0112313
0.11 0.1075 0.00687733 0.00915636
0.11 0.11 0.0086708 0.00725231
0.11 0.1125 0.0104321 0.00555434
0.11 0.115 0.0121803 0.00395992
0.11 0.1175 0.0138954 0.00262285
0.11 0.12 0.0156125 0.00155521
0.11 0.1225 0.0172139 0.000750967
0.11 0.125 0.0187852 0.000233232
0.11 0.1275 0.0202872 2.41274e-05
0.11 0.13 0.0217187 3.01593e-06
0.11 0.1325 0.0231231 0
0.11 0.135 0.0244532 0
0.11 0.1375 0.025741 1.00531e-06
0.1125 0.08 0 0.0414932
0.1125 0.0825 0 0.0376237
0.1125 0.085 0 0.0342519
0.1125 0.0875 0 0.0310078
0.1125 0.09 0 0.027835
0.1125 0.0925 0 0.0248744
0.1125 0.095 0 0.0219821
0.1125 0.0975 0.000164871 0.0192989
0.1125 0.1 0.00119833 0.0167253
0.1125 0.1025 0.00259672 0.0142855
0.1125 0.105 0.00424643 0.0120305
0.1125 0.1075 0.0059454 0.00989326
0.1125 0.11 0.00770872 0.0079319
0.1125 0.1125 0.00945896 0.00612234
0.1125 0.115 0.011162 0.00456109
0.1125 0.1175 0.0129072 0.00309736
0.1125 0.12 0.0146001 0.00193221
0.1125 0.1225 0.0162136 0.000999278
0.1125 0.125 0.0177689 0.000383023
0.1125 0.1275 0.0192778 7.23823e-05
0.1125 0.13 0.0207526 8.04248e-06
0.1125 0.1325 0.0221188 0
0.1125 0.135 0.023479 0
0.1125 0.1375 0.024798 0
0.115 0.08 0 0.0432816
0.115 0.0825 0 0.0389246
0.115 0.085 0 0.0355226
0.115 0.0875 0 0.0325379
0.115 0.09 0 0.028972
0.115 0.0925 0 0.02594
0.115 0.095 0 0.0230367
0.115 0.0975 1.50796e-05 0.020251
0.115 0.1 0.00067959 0.0177015
0.115 0.1025 0.00190506 0.0151953
0.115 0.105 0.00346028 0.0128489
0.115 0.1075 0.00506777 0.0109609
0.115 0.11 0.00682103 0.00862254
0.115 0.1125 0.00854916 0.00679791
0.115 0.115 0.010219 0.00512608
0.115 0.1175 0.0119612 0.00361107
0.115 0.12 0.013628 0.00237756
0.115 0.1225 0.0152666 0.00131495
0.115 0.125 0.016852 0.00058509
0.115 0.1275 0.0183328 0.000188998
0.115 0.13 0.0198448 1.3069e-05
0.115 0.1325 0.0212663 0
0.115 0.135 0.0225732 0
0.115 0.1375 0.0239505 0
0.1175 0.08 0 0.0450489
0.1175 0.0825 0 0.0402788
0.1175 0.085 0 0.0367783
0.1175 0.0875 0 0.0341594
0.1175 0.09 0 0.0301412
0.1175 0.0925 0 0.0270268
0.1175 0.095 0 0.0244692
0.1175 0.0975 3.01593e-06 0.0212462
0.1175 0.1 0.000279476 0.0186435
0.1175 0.1025 0.0013059 0.0160739
0.1175 0.105 0.00273243 0.0137094
0.1175 0.1075 0.00423236 0.0120517
0.1175 0.11 0.00595646 0.00937452
0.1175 0.1125 0.00769062 0.00748252
0.1175 0.115 0.00931621 0.00593937
0.1175 0.1175 0.0110514 0.00415696
0.1175 0.12 0.0127423 0.00280079
0.1175 0.1225 0.0143036 0.00167083
0.1175 0.125 0.0159513 0.000831391
0.1175 0.1275 0.0173868 0.000415193
0.1175 0.13 0.018926 3.41805e-05
0.1175 0.1325 0.0204038 5.02655e-06
0.1175 0.135 0.0216906 -1.00531e-06
0.1175 0.1375 0.0230648 1.00531e-06
0.12 0.08 0 0.0468294
0.12 0.0825 0 0.043157
0.12 0.085 0 0.0395318
0.12 0.0875 0 0.0360977
0.12 0.09 0 0.0327429
0.12 0.0925 0 0.0296114
0.12 0.095 0 0.026496
0.12 0.0975 0 0.0236198
0.12 0.1 3.01593e-05 0.020835
0.12 0.1025 0.000716786 0.0182695
0.12 0.105 0.00196438 0.0157532
0.12 0.1075 0.00341805 0.0134299
0.12 0.11 0.00505269 0.0112343
0.12 0.1125 0.00669536 0.00915938
0.12 0.115 0.00837021 0.00729956
0.12 0.1175 0.0100451 0.00560259
0.12 0.12 0.0116918 0.00402225
0.12 0.1225 0.0133153 0.00270428
0.12 0.125 0.0149178 0.00162157
0.12 0.1275 0.016465 0.000809275
0.12 0.13 0.0179377 0.000258365
0.12 0.1325 0.0194125 2.9154e-05
0.12 0.135 0.0208049 5.02655e-06
0.12 0.1375 0.0221118 0
0.1225 0.08 0 0.0486932
0.1225 0.0825 0 0.044486
0.1225 0.085 0 0.0407955
0.1225 0.0875 0 0.0373613
0.1225 0.09 0 0.0339413
0.1225 0.0925 0 0.0307333
0.1225 0.095 0 0.0276279
0.1225 0.0975 0 0.0246944
0.1225 0.1 3.01593e-06 0.0218333
0.1225 0.1025 0.000300588 0.0191894
0.1225 0.105 0.00135616 0.0166318
0.1225 0.1075 0.00267614 0.0142674
0.1225 0.11 0.00421828 0.0120145
0.1225 0.1125 0.00585593 0.00991839
0.1225 0.115 0.00748453 0.00797613
0.1225 0.1175 0.00918753 0.00616959
0.1225 0.12 0.010792 0.00462141
0.1225 0.1225 0.0123633 0.00318382
0.1225 0.125 0.0139989 0.00202168
0.1225 0.1275 0.01553 0.00106764
0.1225 0.13 0.017031 0.000430273
0.1225 0.1325 0.0184756 9.04779e-05
0.1225 0.135 0.01988 9.04779e-06
0.1225 0.1375 0.0212211 0
0.125 0.08 0 0.0505852
0.125 0.0825 0 0.0458673
0.125 0.085 0 0.0421617
0.125 0.0875 0 0.0390422
0.125 0.09 0 0.0351517
0.125 0.0925 0 0.0318734
0.125 0.095 0 0.028774
0.125 0.0975 0 0.0257631
0.125 0.1 0 0.0228688
0.125 0.1025 6.33345e-05 0.0201122
0.125 0.105 0.000853508 0.0176362
0.125 0.1075 0.00203877 0.0154928
0.125 0.11 0.0034844 0.0128257
0.125 0.1125 0.00508888 0.0107066
0.125 0.115 0.00665214 0.00867985
0.125 0.1175 0.00832397 0.00685521
0.125 0.12 0.00993146 0.00520952
0.125 0.1225 0.0114947 0.00368044
0.125 0.125 0.0131092 0.00243486
0.125 0.1275 0.0146122 0.00154818
0.125 0.13 0.0161654 0.000634351
0.125 0.1325 0.0176201 0.000176935
0.125 0.135 0.0190225 1.91009e-05
0.125 0.1375 0.0204038 0
0.1275 0.08 0 0.0524862
0.1275 0.0825 0 0.0474134
0.1275 0.085 0 0.0435138
0.1275 0.0875 0 0.0406869
0.1275 0.09 0 0.0363802
0.1275 0.0925 0 0.0330586
0.1275 0.095 0 0.0303272
0.1275 0.0975 0 0.0268086
0.1275 0.1 0 0.0239435
0.1275 0.1025 6.03186e-06 0.0211557
0.1275 0.105 0.000442336 0.018552
0.1275 0.1075 0.00145669 0.01666
0.1275 0.11 0.00281185 0.0136632
0.1275 0.1125 0.00433389 0.0114887
0.1275 0.115 0.00584889 0.00972436
0.1275 0.1175 0.00752374 0.0075348
0.1275 0.12 0.00916541 0.00580868
0.1275 0.1225 0.0106804 0.00427357
0.1275 0.125 0.0122376 0.00289228
0.1275 0.1275 0.0137597 0.00211115
0.1275 0.13 0.015326 0.000888694
0.1275 0.1325 0.0167746 0.000317678
0.1275 0.135 0.0181629 7.94195e-05
0.1275 0.1375 0.0195684 7.03717e-06
0.13 0.08 0 0.0543571
0.13 0.0825 0 0.0504083
0.13 0.085 0 0.0464956
0.13 0.0875 0 0.0427558
0.13 0.09 0 0.039191
0.13 0.0925 0 0.0357991
0.13 0.095 0 0.0324765
0.13 0.0975 0 0.0293912
0.13 0.1 0 0.0263371
0.13 0.1025 0 0.0235263
0.13 0.105 0.000106563 0.0207627
0.13 0.1075 0.000911816 0.0182484
0.13 0.11 0.00212623 0.0157562
0.13 0.1125 0.00350351 0.0134531
0.13 0.115 0.00505369 0.0112846
0.13 0.1175 0.006627 0.00924684
0.13 0.12 0.00820031 0.00738501
0.13 0.1225 0.0097686 0.00571217
0.13 0.125 0.0113188 0.00417907
0.13 0.1275 0.0128961 0.00283497
0.13 0.13 0.014398 0.00174421
0.13 0.1325 0.0158728 0.000880652
0.13 0.135 0.0172793 0.000316673
0.13 0.1375 0.0186787 5.02655e-05
0.1325 0.08 0 0.0562762
0.1325 0.0825 0 0.0518519
0.1325 0.085 0 0.0478628
0.1325 0.0875 0 0.0441864
0.1325 0.09 0 0.0404094
0.1325 0.0925 0 0.0370346
0.1325 0.095 0 0.0336598
0.1325 0.0975 0 0.0305162
0.1325 0.1 0 0.0274661
0.1325 0.1025 0 0.0245607
0.1325 0.105 9.04779e-06 0.021763
0.1325 0.1075 0.000479533 0.0191693
0.1325 0.11 0.00154516 0.0166208
0.1325 0.1125 0.00285508 0.0142925
0.1325 0.115 0.00428664 0.0120597
0.1325 0.1175 0.00583985 0.00999178
0.1325 0.12 0.00739707 0.00808973
0.1325 0.1225 0.0089744 0.00628319
0.1325 0.125 0.0105266 0.00474305
0.1325 0.1275 0.0119853 0.00331551
0.1325 0.13 0.0135174 0.00214634
0.1325 0.1325 0.0150053 0.00115912
0.1325 0.135 0.0164087 0.000497628
0.1325 0.1375 0.017788 0.000114605
0.135 0.08 0 0.0583452
0.135 0.0825 0 0.0532794
0.135 0.085 0 0.0493024
0.135 0.0875 0 0.0459145
0.135 0.09 0 0.0417324
0.135 0.0925 0 0.0382641
0.135 0.095 0 0.0349526
0.135 0.0975 0 0.0316401
0.135 0.1 0 0.0285619
0.135 0.1025 0 0.0256274
0.135 0.105 3.01593e-06 0.0228045
0.135 0.1075 0.00016286 0.0204581
0.135 0.11 0.00103949 0.0176241
0.135 0.1125 0.00225189 0.0151993
0.135 0.115 0.00358494 0.0129202
0.135 0.1175 0.00513613 0.0107759
0.135 0.12 0.00667124 0.00877736
0.135 0.1225 0.00815608 0.00695976
0.135 0.125 0.00970225 0.00535227
0.135 0.1275 0.0111821 0.00406949
0.135 0.13 0.0127292 0.00255148
0.135 0.1325 0.0142141 0.00152304
0.135 0.135 0.0156255 0.000750967
0.135 0.1375 0.0170209 0.000221168
0.1375 0.08 0 0.0603196
0.1375 0.0825 0 0.0549422
0.1375 0.085 0 0.050737
0.1375 0.0875 0 0.047704
0.1375 0.09 0 0.0430504
0.1375 0.0925 0 0.0395238
0.1375 0.095 0 0.0365923
0.1375 0.0975 0 0.0328214
0.1375 0.1 0 0.0297391
0.1375 0.1025 0 0.0267583
0.1375 0.105 0 0.023857
0.1375 0.1075 2.51327e-05 0.0218142
0.1375 0.11 0.000623292 0.0185168
0.1375 0.1125 0.00172009 0.0160679
0.1375 0.115 0.0029727 0.0141196
0.1375 0.1175 0.00444045 0.011553
0.1375 0.12 0.00594239 0.00956854
0.1375 0.1225 0.00740612 0.00771274
0.1375 0.125 0.00899551 0.00593535
0.1375 0.1275 0.0104351 0.00488681
0.1375 0.13 0.0118968 0.00301995
0.1375 0.1325 0.0134098 0.00190406
0.1375 0.135 0.0148354 0.001136
0.1375 0.1375 0.0162227 0.000382018
0.14 0.08 0 0.0623031
0.14 0.0825 0 0.0580546
0.14 0.085 0 0.0538444
0.14 0.0875 0 0.0498614
0.14 0.09 0 0.04601
0.14 0.0925 0 0.0423507
0.14 0.095 0 0.0388753
0.14 0.0975 0 0.0355468
0.14 0.1 0 0.0322805
0.14 0.1025 0 0.0292616
0.14 0.105 0 0.0262698
0.14 0.1075 4.02124e-06 0.0234871
0.14 0.11 0.000253338 0.0207526
0.14 0.1125 0.00115007 0.0182806
0.14 0.115 0.00234137 0.0158246
0.14 0.1175 0.00366938 0.0135486
0.14 0.12 0.00514719 0.0114113
0.14 0.1225 0.0066451 0.00941975
0.14 0.125 0.00812391 0.00757401
0.14 0.1275 0.00961378 0.00586699
0.14 0.13 0.0111117 0.00438315
0.14 0.1325 0.0125503 0.00300588
0.14 0.135 0.014019 0.001894
0.14 0.1375 0.0154235 0.000999278
0.1425 0.08 0 0.0643026
0.1425 0.0825 0 0.0595284
0.1425 0.085 0 0.055275
0.1425 0.0875 0 0.0513703
0.1425 0.09 0 0.0473662
0.1425 0.0925 0 0.0437159
0.1425 0.095 0 0.0401018
0.1425 0.0975 0 0.0367431
0.1425 0.1 0 0.0334386
0.1425 0.1025 0 0.0303785
0.1425 0.105 0 0.0273485
0.1425 0.1075 0 0.0245567
0.1425 0.11 6.03186e-05 0.0217438
0.1425 0.1125 0.000714775 0.0191843
0.1425 0.115 0.00177236 0.0166912
0.1425 0.1175 0.00306318 0.014394
0.1425 0.12 0.00446257 0.0121934
0.1425 0.1225 0.00588508 0.0101396
0.1425 0.125 0.007383 0.00824455
0.1425 0.1275 0.00887086 0.00650536
0.1425 0.13 0.0103517 0.00493708
0.1425 0.1325 0.0117259 0.00347938
0.1425 0.135 0.0131897 0.0023102
0.1425 0.1375 0.0146192 0.00129987
0.145 0.08 0 0.0663776
0.145 0.0825 0 0.0610676
0.145 0.085 0 0.0567829
0.145 0.0875 0 0.0532302
0.145 0.09 0 0.0487676
0.145 0.0925 0 0.0449967
0.145 0.095 0 0.0414942
0.145 0.0975 0 0.0379535
0.145 0.1 0 0.0346581
0.145 0.1025 0 0.0314833
0.145 0.105 0 0.0284402
0.145 0.1075 0 0.0259631
0.145 0.11 7.03717e-06 0.0227632
0.145 0.1125 0.000373975 0.0201163
0.145 0.115 0.00129685 0.0177427
0.145 0.1175 0.00250423 0.0152928
0.145 0.12 0.00381012 0.0130409
0.145 0.1225 0.00522761 0.0109167
0.145 0.125 0.00670542 0.00896334
0.145 0.1275 0.00809878 0.00745538
0.145 0.13 0.00959367 0.00553926
0.145 0.1325 0.0110343 0.00402526
0.145 0.135 0.0124106 0.00277365
0.145 0.1375 0.0138713 0.00165876
0.1475 0.08 0 0.0685179
0.1475 0.0825 0 0.0629354
0.1475 0.085 0 0.0583432
0.1475 0.0875 0 0.0550739
0.1475 0.09 0 0.0501207
0.1475 0.0925 0 0.0463719
0.1475 0.095 0 0.0432444
0.1475 0.0975 0 0.039199
0.1475 0.1 0 0.0358926
0.1475 0.1025 0 0.032754
0.1475 0.105 0 0.0296074
0.1475 0.1075 0 0.0274118
0.1475 0.11 3.01593e-06 0.0238078
0.1475 0.1125 0.000140743 0.0211145
0.1475 0.115 0.000866577 0.0189863
0.1475 0.1175 0.00197342 0.0161413
0.1475 0.12 0.00326022 0.0138803
0.1475 0.1225 0.00456411 0.0118124
0.1475 0.125 0.00601578 0.00972235
0.1475 0.1275 0.00740813 0.00841746
0.1475 0.13 0.00891609 0.00610525
0.1475 0.1325 0.0103647 0.00461236
0.1475 0.135 0.0116696 0.00345525
0.1475 0.1375 0.0131253 0.00208602
0.15 0.08 0 0.0705848
0.15 0.0825 0 0.0659493
0.15 0.085 0 0.0615873
0.15 0.0875 0 0.0573479
0.15 0.09 0 0.0532623
0.15 0.0925 0 0.0493758
0.15 0.095 0 0.0456059
0.15 0.0975 0 0.042027
0.15 0.1 0 0.0386059
0.15 0.1025 0 0.0353557
0.15 0.105 0 0.0321579
0.15 0.1075 0 0.0291932
0.15 0.11 0 0.0262426
0.15 0.1125 1.40743e-05 0.0235142
0.15 0.115 0.000484559 0.020822
0.15 0.1175 0.00144262 0.0183771
0.15 0.12 0.00261682 0.0159452
0.15 0.1225 0.00389457 0.0137285
0.15 0.125 0.005301 0.0115922
0.15 0.1275 0.00672452 0.00964997
0.15 0.13 0.00813497 0.00779819
0.15 0.1325 0.00956653 0.00608715
0.15 0.135 0.010972 0.00460432
0.15 0.1375 0.0123211 0.003219
0.1525 0.08 0 0.0727151
0.1525 0.0825 0 0.0675588
0.1525 0.085 0 0.0631184
0.1525 0.0875 0 0.0589423
0.1525 0.09 0 0.0546436
0.1525 0.0925 0 0.0507611
0.1525 0.095 0 0.046958
0.1525 0.0975 0 0.0433258
0.1525 0.1 0 0.0398183
0.1525 0.1025 0 0.0365179
0.1525 0.105 0 0.0332908
0.1525 0.1075 0 0.0303503
0.1525 0.11 0 0.0272942
0.1525 0.1125 3.01593e-06 0.0245255
0.1525 0.115 0.000185982 0.0218182
0.1525 0.1175 0.000984198 0.0192658
0.1525 0.12 0.00207194 0.0168389
0.1525 0.1225 0.0033125 0.01457
0.1525 0.125 0.00464855 0.0123945
0.1525 0.1275 0.00601477 0.0104009
0.1525 0.13 0.00742924 0.00846169
0.1525 0.1325 0.00887588 0.0067215
0.1525 0.135 0.0102552 0.00516126
0.1525 0.1375 0.0115932 0.00371864
0.155 0.08 0 0.0749077
0.155 0.0825 0 0.0691874
0.155 0.085 0 0.0646173
0.155 0.0875 0 0.0608765
0.155 0.09 0 0.0560651
0.155 0.0925 0 0.0521816
0.155 0.095 0 0.0484519
0.155 0.0975 0 0.0446136
0.155 0.1 0 0.0410619
0.155 0.1025 0 0.0377132
0.155 0.105 0 0.0344972
0.155 0.1075 0 0.0318191
0.155 0.11 0 0.0283779
0.155 0.1125 0 0.0255701
0.155 0.115 4.32283e-05 0.0229211
0.155 0.1175 0.000628319 0.0202007
0.155 0.12 0.00161855 0.0178201
0.155 0.1225 0.00276259 0.0154345
0.155 0.125 0.00404637 0.0132168
0.155 0.1275 0.00537037 0.0114967
0.155 0.13 0.00679791 0.00918049
0.155 0.1325 0.00816714 0.0074021
0.155 0.135 0.00955949 0.00581974
0.155 0.1375 0.0109368 0.00429569
0.1575 0.08 0 0.0770821
0.1575 0.0825 0 0.0711961
0.1575 0.085 0 0.0661544
0.1575 0.0875 0 0.0628349
0.1575 0.09 0 0.0575429
0.1575 0.0925 0 0.0535428
0.1575 0.095 0 0.0502293
0.1575 0.0975 0 0.0459055
0.1575 0.1 0 0.0423336
0.1575 0.1025 0 0.0391226
0.1575 0.105 0 0.0356935
0.1575 0.1075 0 0.033329
0.1575 0.11 0 0.0294988
0.1575 0.1125 0 0.0266246
0.1575 0.115 7.03717e-06 0.0243416
0.1575 0.1175 0.000332758 0.0211849
0.1575 0.12 0.0011923 0.018736
0.1575 0.1225 0.00224888 0.0164097
0.1575 0.125 0.00349747 0.0140743
0.1575 0.1275 0.00477824 0.0125744
0.1575 0.13 0.00616758 0.00991437
0.1575 0.1325 0.00753781 0.00809978
0.1575 0.135 0.00891509 0.00671447
0.1575 0.1375 0.0103105 0.00485163
0.16 0.08 0 0.0792325
0.16 0.0825 0 0.0743557
0.16 0.085 0 0.0696449
0.16 0.0875 0 0.0650818
0.16 0.09 0 0.0608102
0.16 0.0925 0 0.0566402
0.16 0.095 0 0.0527074
0.16 0.0975 0 0.0489194
0.16 0.1 0 0.045249
0.16 0.1025 0 0.0417264
0.16 0.105 0 0.0384099
0.16 0.1075 0 0.035217
0.16 0.11 0 0.0320784
0.16 0.1125 0 0.029162
0.16 0.115 2.01062e-06 0.0262748
0.16 0.1175 0.000105558 0.0236057
0.16 0.12 0.000769062 0.0209316
0.16 0.1225 0.00174823 0.018556
0.16 0.125 0.00291841 0.0161372
0.16 0.1275 0.004166 0.0139557
0.16 0.13 0.0055091 0.0118576
0.16 0.1325 0.00685119 0.00988421
0.16 0.135 0.00821439 0.00808772
0.16 0.1375 0.00957256 0.00636864
0.1625 0.08 0 0.0814774
0.1625 0.0825 0 0.0759763
0.1625 0.085 0 0.0712252
0.1625 0.0875 0 0.0667315
0.1625 0.09 0 0.0623282
0.1625 0.0925 0 0.0581632
0.1625 0.095 0 0.0540807
0.1625 0.0975 0 0.0502464
0.1625 0.1 0 0.0465579
0.1625 0.1025 0 0.0430011
0.1625 0.105 0 0.0396052
0.1625 0.1075 0 0.0364163
0.1625 0.11 0 0.0331984
0.1625 0.1125 0 0.0302789
0.1625 0.115 0 0.0273344
0.1625 0.1175 1.40743e-05 0.0245909
0.1625 0.12 0.000449374 0.0219359
0.1625 0.1225 0.00130087 0.0194306
0.1625 0.125 0.00239264 0.017045
0.1625 0.1275 0.00356885 0.0148907
0.1625 0.13 0.00490189 0.0126327
0.1625 0.1325 0.00622689 0.0106201
0.1625 0.135 0.00753681 0.00874017
0.1625 0.1375 0.00893017 0.00701907
0.165 0.08 0 0.0836629
0.165 0.0825 0 0.0776522
0.165 0.085 0 0.0728116
0.165 0.0875 0 0.0687853
0.165 0.09 0 0.0637377
0.165 0.0925 0 0.0595596
0.165 0.095 0 0.0556399
0.165 0.0975 0 0.0516398
0.165 0.1 0 0.0478739
0.165 0.1025 0 0.0442919
0.165 0.105 0 0.0408307
0.165 0.1075 0 0.0380259
0.165 0.11 0 0.0343726
0.165 0.1125 0 0.0313808
0.165 0.115 0 0.0285237
0.165 0.1175 4.02124e-06 0.0256153
0.165 0.12 0.000192014 0.0229231
0.165 0.1225 0.000925891 0.0203264
0.165 0.125 0.00194025 0.0180333
0.165 0.1275 0.00307524 0.0160126
0.165 0.13 0.00433188 0.013434
0.165 0.1325 0.00563275 0.0114153
0.165 0.135 0.00694569 0.00959669
0.165 0.1375 0.00828577 0.0077047
0.1675 0.08 0 0.0859349
0.1675 0.0825 0 0.0797915
0.1675 0.085 0 0.0744392
0.1675 0.0875 0 0.0708211
0.1675 0.09 0 0.0652195
0.1675 0.0925 0 0.0610414
0.1675 0.095 0 0.0575329
0.1675 0.0975 0 0.0529808
0.1675 0.1 0 0.0492451
0.1675 0.1025 0 0.0457909
0.1675 0.105 0 0.0420813
0.1675 0.1075 0 0.0396424
0.1675 0.11 0 0.0355478
0.1675 0.1125 0 0.0324755
0.1675 0.115 0 0.0300628
0.1675 0.1175 0 0.0266528
0.1675 0.12 5.93133e-05 0.0239726
0.1675 0.1225 0.000609218 0.0214825
0.1675 0.125 0.00153109 0.0189049
0.1675 0.1275 0.00259973 0.0172974
0.1675 0.13 0.00377293 0.0143005
0.1675 0.1325 0.00510798 0.0121954
0.1675 0.135 0.00635859 0.0106211
0.1675 0.1375 0.00767052 0.00837323
0.17 0.08 0 0.0880501
0.17 0.0825 0 0.0829049
0.17 0.085 0 0.0779558
0.17 0.0875 0 0.0731614
0.17 0.09 0 0.0685822
0.17 0.0925 0 0.0642283
0.17 0.095 0 0.0600894
0.17 0.0975 0 0.05604
0.17 0.1 0 0.0522379
0.17 0.1025 0 0.0485404
0.17 0.105 0 0.0449695
0.17 0.1075 0 0.0415273
0.17 0.11 0 0.0382631
0.17 0.1125 0 0.0351456
0.17 0.115 0 0.0320875
0.17 0.1175 0 0.0292153
0.17 0.12 8.04248e-06 0.0263793
0.17 0.1225 0.000310641 0.0237484
0.17 0.125 0.00110081 0.0211447
0.17 0.1275 0.00209909 0.0187711
0.17 0.13 0.00325519 0.0164077
0.17 0.1325 0.00447162 0.0142452
0.17 0.135 0.00575037 0.0121663
0.17 0.1375 0.00709045 0.0102089
0.1725 0.08 0 0.0903372
0.1725 0.0825 0 0.0846109
0.1725 0.085 0 0.0795874
0.1725 0.0875 0 0.0748775
0.1725 0.09 0 0.0701174
0.1725 0.0925 0 0.065702
0.1725 0.095 0 0.0615008
0.1725 0.0975 0 0.0574585
0.1725 0.1 0 0.053572
0.1725 0.1025 0 0.0498332
0.1725 0.105 0 0.046203
0.1725 0.1075 0 0.0428544
0.1725 0.11 0 0.0394443
0.1725 0.1125 0 0.0362555
0.1725 0.115 0 0.0331803
0.1725 0.1175 0 0.0303031
0.1725 0.12 3.01593e-06 0.0274329
0.1725 0.1225 0.000118627 0.0247176
0.1725 0.125 0.000747951 0.0221198
0.1725 0.1275 0.00165977 0.0197443
0.1725 0.13 0.00275958 0.0173205
0.1725 0.1325 0.00392574 0.0150967
0.1725 0.135 0.00521253 0.0129464
0.1725 0.1375 0.00647018 0.0109619
0.175 0.08 0 0.0925991
0.175 0.0825 0 0.0863551
0.175 0.085 0 0.081213
0.175 0.0875 0 0.0769585
0.175 0.09 0 0.0716806
0.175 0.0925 0 0.0672261
0.175 0.095 0 0.0631888
0.175 0.0975 0 0.0589102
0.175 0.1 0 0.0549402
0.175 0.1025 0 0.0511592
0.175 0.105 0 0.0475512
0.175 0.1075 0 0.0445744
0.175 0.11 0 0.0406467
0.175 0.1125 0 0.0374981
0.175 0.115 0 0.0344992
0.175 0.1175 0 0.0313928
0.175 0.12 0 0.0284684
0.175 0.1225 2.31221e-05 0.025755
0.175 0.125 0.000470485 0.0231292
0.175 0.1275 0.00126367 0.0209879
0.175 0.13 0.00230115 0.0182504
0.175 0.1325 0.00345223 0.015903
0.175 0.135 0.00465961 0.0138914
0.175 0.1375 0.00588911 0.0116978
0.1775 0.08 0 0.0948218
0.1775 0.0825 0 0.0884653
0.1775 0.085 0 0.0828657
0.1775 0.0875 0 0.0790576
0.1775 0.09 0 0.073266
0.1775 0.0925 0 0.0687451
0.1775 0.095 0 0.0650436
0.1775 0.0975 0 0.0602804
0.1775 0.1 0 0.0562984
0.1775 0.1025 0 0.0527858
0.1775 0.105 0 0.048852
0.1775 0.1075 0 0.0461839
0.1775 0.11 0 0.0418189
0.1775 0.1125 0 0.03863
0.1775 0.115 0 0.0360333
0.1775 0.1175 0 0.0324564
0.1775 0.12 0 0.0296014
0.1775 0.1225 6.03186e-06 0.0269805
0.1775 0.125 0.0002272 0.0241184
0.1775 0.1275 0.000922875 0.0223289
0.1775 0.13 0.00189099 0.0191049
0.1775 0.1325 0.00298879 0.0167857
0.1775 0.135 0.00413283 0.0151028
0.1775 0.1375 0.00539751 0.012487
0.18 0.08 0 0.0970516
0.18 0.0825 0 0.0916662
0.18 0.085 0 0.0864597
0.18 0.0875 0 0.0814251
0.18 0.09 0 0.0766117
0.18 0.0925 0 0.0720797
0.18 0.095 0 0.0676523
0.18 0.0975 0 0.0634542
0.18 0.1 0 0.0594158
0.18 0.1025 0 0.0555233
0.18 0.105 0 0.0518298
0.18 0.1075 0 0.0482388
0.18 0.11 0 0.0447795
0.18 0.1125 0 0.0413816
0.18 0.115 0 0.0381867
0.18 0.1175 0 0.0351386
0.18 0.12 0 0.0321277
0.18 0.1225 1.00531e-06 0.0293289
0.18 0.125 6.93664e-05 0.0265563
0.18 0.1275 0.000618266 0.0239565
0.18 0.13 0.00147982 0.021398
0.18 0.1325 0.00251529 0.0190376
0.18 0.135 0.0036161 0.0167263
0.18 0.1375 0.00485565 0.0145971
0.1825 0.08 0 0.0992171
0.1825 0.0825 0 0.093345
0.1825 0.085 0 0.088032
0.1825 0.0875 0 0.0831693
0.1825 0.09 0 0.0782
0.1825 0.0925 0 0.0735766
0.1825 0.095 0 0.0691643
0.1825 0.0975 0 0.0648294
0.1825 0.1 0 0.0608042
0.1825 0.1025 0 0.0568362
0.1825 0.105 0 0.0531186
0.1825 0.1075 0 0.04961
0.1825 0.11 0 0.0459306
0.1825 0.1125 0 0.0425869
0.1825 0.115 0 0.0393629
0.1825 0.1175 0 0.0362203
0.1825 0.12 0 0.0332134
0.1825 0.1225 0 0.0303935
0.1825 0.125 1.10584e-05 0.0275917
0.1825 0.1275 0.000344821 0.024994
0.1825 0.13 0.0011169 0.0223249
0.1825 0.1325 0.00206792 0.0199273
0.1825 0.135 0.00315165 0.0176351
0.1825 0.1375 0.00432183 0.0154034
0.185 0.08 0 0.101365
0.185 0.0825 0 0.0950611
0.185 0.085 0 0.089746
0.185 0.0875 0 0.0853247
0.185 0.09 0 0.0797864
0.185 0.0925 0 0.0751288
0.185 0.095 0 0.0708925
0.185 0.0975 0 0.0662972
0.185 0.1 0 0.0622498
0.185 0.1025 0 0.058312
0.185 0.105 0 0.0544406
0.185 0.1075 0 0.0513331
0.185 0.11 0 0.0472566
0.185 0.1125 0 0.0438546
0.185 0.115 0 0.040706
0.185 0.1175 0 0.0374237
0.185 0.12 0 0.0343585
0.185 0.1225 0 0.0314632
0.185 0.125 3.01593e-06 0.0286011
0.185 0.1275 0.000152807 0.0263834
0.185 0.13 0.000811285 0.0233353
0.185 0.1325 0.00169998 0.0208159
0.185 0.135 0.00273444 0.0186696
0.185 0.1375 0.00382621 0.0162066
0.1875 0.08 0 0.103443
0.1875 0.0825 0 0.0972768
0.1875 0.085 0 0.0914048
0.1875 0.0875 0 0.0873795
0.1875 0.09 0 0.0814683
0.1875 0.0925 0 0.076667
0.1875 0.095 0 0.0728619
0.1875 0.0975 0 0.0677659
0.1875 0.1 0 0.063611
0.1875 0.1025 0 0.0599738
0.1875 0.105 0 0.0557676
0.1875 0.1075 0 0.0530633
0.1875 0.11 0 0.0485082
0.1875 0.1125 0 0.0450841
0.1875 0.115 0 0.0423316
0.1875 0.1175 0 0.0385315
0.1875 0.12 0 0.0354975
0.1875 0.1225 0 0.0327681
0.1875 0.125 1.00531e-06 0.029715
0.1875 0.1275 4.32283e-05 0.027824
0.1875 0.13 0.00053382 0.0243285
0.1875 0.1325 0.00135415 0.0218052
0.1875 0.135 0.00229713 0.0199232
0.1875 0.1375 0.003408 0.0171084
0.19 0.08 0 0.105431
0.19 0.0825 0 0.100226
0.19 0.085 0 0.0949113
0.19 0.0875 0 0.0897722
0.19 0.09 0 0.0847708
0.19 0.0925 0 0.0800317
0.19 0.095 0 0.0754515
0.19 0.0975 0 0.0710483
0.19 0.1 0 0.0667747
0.19 0.1025 0 0.0627947
0.19 0.105 0 0.058883
0.19 0.1075 0 0.0551272
0.19 0.11 0 0.0514638
0.19 0.1125 0 0.0479593
0.19 0.115 0 0.0446066
0.19 0.1175 0 0.0412619
0.19 0.12 0 0.0381565
0.19 0.1225 0 0.0351808
0.19 0.125 0 0.0322514
0.19 0.1275 9.04779e-06 0.0295038
0.19 0.13 0.000283497 0.0267654
0.19 0.1325 0.00099023 0.0242048
0.19 0.135 0.00190707 0.0217137
0.19 0.1375 0.0029536 0.0193422
0.1925 0.08 0 0.107404
0.1925 0.0825 0 0.10183
0.1925 0.085 0 0.0965831
0.1925 0.0875 0 0.0915496
0.1925 0.09 0 0.0863923
0.1925 0.0925 0 0.08159
0.1925 0.095 0 0.0769334
0.1925 0.0975 0 0.0725221
0.1925 0.1 0 0.0681841
0.1925 0.1025 0 0.0641177
0.1925 0.105 0 0.0602161
0.1925 0.1075 0 0.0564703
0.1925 0.11 0 0.0527526
0.1925 0.1125 0 0.049221
0.1925 0.115 0 0.0457587
0.1925 0.1175 0 0.0424663
0.1925 0.12 0 0.0393207
0.1925 0.1225 0 0.0362575
0.1925 0.125 0 0.0333079
0.1925 0.1275 3.01593e-06 0.0306217
0.1925 0.13 0.000124658 0.0277918
0.1925 0.1325 0.000703717 0.0251458
0.1925 0.135 0.00154114 0.0226094
0.1925 0.1375 0.00253841 0.0202017
0.195 0.08 0 0.109209
0.195 0.0825 0 0.103495
0.195 0.085 0 0.0982278
0.195 0.0875 0 0.0936426
0.195 0.09 0 0.0879204
0.195 0.0925 0 0.083116
0.195 0.095 0 0.078756
0.195 0.0975 0 0.0739848
0.195 0.1 0 0.0696821
0.195 0.1025 0 0.0655281
0.195 0.105 0 0.0615883
0.195 0.1075 0 0.0583542
0.195 0.11 0 0.0540213
0.195 0.1125 0 0.0504726
0.195 0.115 0 0.0472556
0.195 0.1175 0 0.0436928
0.195 0.12 0 0.0404868
0.195 0.1225 0 0.0374196
0.195 0.125 0 0.0344238
0.195 0.1275 0 0.0320543
0.195 0.13 3.11646e-05 0.0287931
0.195 0.1325 0.000468474 0.0261531
0.195 0.135 0.00120939 0.0238017
0.195 0.1375 0.00215136 0.0211075
0.1975 0.08 0 0.110855
0.1975 0.0825 0 0.105465
0.1975 0.085 0 0.0998202
0.1975 0.0875 0 0.0956985
0.1975 0.09 0 0.0896877
0.1975 0.0925 0 0.0846954
0.1975 0.095 0 0.0807545
0.1975 0.0975 0 0.0754837
0.1975 0.1 0 0.0711418
0.1975 0.1025 0 0.0673316
0.1975 0.105 0 0.0629756
0.1975 0.1075 0 0.0600733
0.1975 0.11 0 0.0553584
0.1975 0.1125 0 0.0517815
0.1975 0.115 0 0.0489144
0.1975 0.1175 0 0.0449173
0.1975 0.12 0 0.0416409
0.1975 0.1225 0 0.0388251
0.1975 0.125 0 0.0355568
0.1975 0.1275 0 0.0335331
0.1975 0.13 8.04248e-06 0.0298758
0.1975 0.1325 0.000251328 0.0271695
0.1975 0.135 0.0009088 0.0251408
0.1975 0.1375 0.00179347 0.0220756
