0.075 0.08 0 0.0178754
0.075 0.09 0.00570011 0.00764337
0.075 0.1 0.014581 0.00140743
0.075 0.11 0.0228467 0
0.075 0.12 0.029539 0
0.075 0.13 0.0353557 0
0.075 0.14 0.0395921 0
0.075 0.15 0.0414077 0
0.075 0.16 0.0373965 -2.01062e-06
0.076 0.08 0 0.0183539
0.076 0.09 0.00505872 0.00853006
0.076 0.1 0.0139788 0.00156125
0.076 0.11 0.0221802 0
0.076 0.12 0.0290494 0
0.076 0.13 0.0348802 0
0.076 0.14 0.0392503 0
0.076 0.15 0.0413333 0
0.076 0.16 0.0373975 0
0.077 0.08 0 0.0189189
0.077 0.09 0.00459125 0.00843355
0.077 0.1 0.0134299 0.0018176
0.077 0.11 0.0217247 0
0.077 0.12 0.0284784 -1.00531e-06
0.077 0.13 0.0344218 0
0.077 0.14 0.038811 0
0.077 0.15 0.0412046 0
0.077 0.16 0.0374036 0
0.078 0.08 0 0.0193904
0.078 0.09 0.00403632 0.00932023
0.078 0.1 0.0128639 0.00204581
0.078 0.11 0.0210914 2.01062e-06
0.078 0.12 0.0279255 0
0.078 0.13 0.0339453 0
0.078 0.14 0.03843 0
0.078 0.15 0.0410941 0
0.078 0.16 0.0374096 1.00531e-06
0.079 0.08 0 0.0199725
0.079 0.09 0.00363621 0.00923076
0.079 0.1 0.0122839 0.00232428
0.079 0.11 0.0206058 1.00531e-06
0.079 0.12 0.0273665 0
0.079 0.13 0.0334497 0
0.079 0.14 0.0380098 0
0.079 0.15 0.040885 0
0.079 0.16 0.0374046 0
0.08 0.08 0 0.020455
0.08 0.09 0.00304207 0.0102019
0.08 0.1 0.0117058 0.00258063
0.08 0.11 0.0199705 4.02124e-06
0.08 0.12 0.0269111 -1.00531e-06
0.08 0.13 0.0329722 0
0.08 0.14 0.0376489 0
0.08 0.15 0.040699 -1.00531e-06
0.08 0.16 0.0374026 0
0.081 0.08 0 0.021021
0.081 0.09 0.00267111 0.0101084
0.081 0.1 0.0111841 0.00287318
0.081 0.11 0.0194839 3.01593e-06
0.081 0.12 0.0264035 0
0.081 0.13 0.0324846 0
0.081 0.14 0.0372156 0
0.081 0.15 0.0405019 0
0.081 0.16 0.0374036 0
0.082 0.08 0 0.0215217
0.082 0.09 0.00216544 0.0110283
0.082 0.1 0.0106332 0.00312852
0.082 0.11 0.0188656 1.91009e-05
0.082 0.12 0.0258908 -1.00531e-06
0.082 0.13 0.031999 -1.00531e-06
0.082 0.14 0.0368205 0
0.082 0.15 0.0402838 0
0.082 0.16 0.0374056 1.00531e-06
0.083 0.08 0 0.0220847
0.083 0.09 0.00183771 0.0109458
0.083 0.1 0.0100823 0.00347134
0.083 0.11 0.0184102 1.6085e-05
0.083 0.12 0.025375 0
0.083 0.13 0.0315406 0
0.083 0.14 0.0363691 -1.00531e-06
0.083 0.15 0.039948 0
0.083 0.16 0.0374086 0
0.084 0.08 0 0.0225953
0.084 0.09 0.00137627 0.011924
0.084 0.1 0.00950118 0.00374377
0.084 0.11 0.0178171 4.82549e-05
0.084 0.12 0.0248432 0
0.084 0.13 0.0310661 0
0.084 0.14 0.035975 0
0.084 0.15 0.0396846 0
0.084 0.16 0.0374106 0
0.085 0.08 0 0.0232327
0.085 0.09 0.00107267 0.0118184
0.085 0.1 0.00901361 0.00410669
0.085 0.11 0.0173587 4.42336e-05
0.085 0.12 0.0243074 0
0.085 0.13 0.0305956 0
0.085 0.14 0.0354683 0
0.085 0.15 0.0393519 0
0.085 0.16 0.0374096 0
0.086 0.08 0 0.0237826
0.086 0.09 0.000690648 0.0128187
0.086 0.1 0.00848884 0.00439723
0.086 0.11 0.0167555 0.000101536
0.086 0.12 0.0238047 0
0.086 0.13 0.030103 0
0.086 0.14 0.0350773 1.00531e-06
0.086 0.15 0.0390593 0
0.086 0.16 0.0374066 0
0.087 0.08 0 0.0243396
0.087 0.09 0.000441331 0.0127132
0.087 0.1 0.00798216 0.00474004
0.087 0.11 0.01629 8.84673e-05
0.087 0.12 0.0233031 0
0.087 0.13 0.0296426 0
0.087 0.14 0.0346189 0
0.087 0.15 0.0387225 0
0.087 0.16 0.0374066 0
0.088 0.08 0 0.0248734
0.088 0.09 0.000204078 0.0137547
0.088 0.1 0.00747448 0.00504465
0.088 0.11 0.015715 0.00017995
0.088 0.12 0.0228115 1.00531e-06
0.088 0.13 0.029158 -1.00531e-06
0.088 0.14 0.0342791 0
0.088 0.15 0.0383958 0
0.088 0.16 0.0374066 0
0.089 0.08 0 0.0254927
0.089 0.09 0.000106563 0.0136541
0.089 0.1 0.00698288 0.00544375
0.089 0.11 0.0152747 0.000166881
0.089 0.12 0.0223199 0
0.089 0.13 0.0287046 0
0.089 0.14 0.0338066 0
0.089 0.15 0.0380007 1.00531e-06
0.089 0.16 0.0374056 0
0.09 0.08 0 0.0260335
0.09 0.09 4.12177e-05 0.0147027
0.09 0.1 0.00650235 0.00576746
0.09 0.11 0.0146594 0.000338789
0.09 0.12 0.0218313 0
0.09 0.13 0.0282291 0
0.09 0.14 0.0334115 0
0.09 0.15 0.0376428 1.00531e-06
0.09 0.16 0.0374036 0
0.091 0.08 0 0.0266447
0.091 0.09 6.03186e-06 0.0146021
0.091 0.1 0.00604392 0.00619874
0.091 0.11 0.0142191 0.000314662
0.091 0.12 0.0213035 0
0.091 0.13 0.0277697 0
0.091 0.14 0.032947 0
0.091 0.15 0.0372789 0
0.091 0.16 0.0374096 0
0.092 0.08 0 0.0272258
0.092 0.09 0 0.0156949
0.092 0.1 0.00554428 0.00656568
0.092 0.11 0.0136893 0.000577048
0.092 0.12 0.020819 0
0.092 0.13 0.0272781 0
0.092 0.14 0.0325459 0
0.092 0.15 0.036924 0
0.092 0.16 0.0374036 0
0.093 0.08 0 0.0279004
0.093 0.09 0 0.0155863
0.093 0.1 0.0050929 0.0069859
0.093 0.11 0.013255 0.000516729
0.093 0.12 0.0203244 0
0.093 0.13 0.0268347 0
0.093 0.14 0.0321066 0
0.093 0.15 0.0365641 0
0.093 0.16 0.0373965 0
0.094 0.08 0 0.0284402
0.094 0.09 0 0.0166298
0.094 0.1 0.0046375 0.00731866
0.094 0.11 0.0127051 0.000873614
0.094 0.12 0.0198679 0
0.094 0.13 0.0263813 0
0.094 0.14 0.0317185 2.01062e-06
0.094 0.15 0.0362123 0
0.094 0.16 0.0373975 0
0.095 0.08 0 0.0290987
0.095 0.09 0 0.0165223
0.095 0.1 0.00423638 0.00774692
0.095 0.11 0.0122658 0.000817317
0.095 0.12 0.0193944 0
0.095 0.13 0.0259481 0
0.095 0.14 0.0312712 0
0.095 0.15 0.0358202 0
0.095 0.16 0.0373955 0
0.096 0.08 0 0.0296516
0.096 0.09 0 0.017615
0.096 0.1 0.00380811 0.00812994
0.096 0.11 0.0117269 0.0012878
0.096 0.12 0.0189189 0
0.096 0.13 0.0254333 0
0.096 0.14 0.0308912 0
0.096 0.15 0.0354311 0
0.096 0.16 0.0373955 0
0.097 0.08 0 0.0303634
0.097 0.09 0 0.0174994
0.097 0.1 0.00343715 0.00857328
0.097 0.11 0.0113248 0.00122547
0.097 0.12 0.0184062 0
0.097 0.13 0.024988 0
0.097 0.14 0.0304177 0
0.097 0.15 0.035021 0
0.097 0.16 0.0373915 0
0.098 0.08 0 0.0309826
0.098 0.09 0 0.0186756
0.098 0.1 0.0029908 0.00892816
0.098 0.11 0.010788 0.00169998
0.098 0.12 0.0179579 1.00531e-06
0.098 0.13 0.0245436 0
0.098 0.14 0.0300216 0
0.098 0.15 0.0346621 0
0.098 0.16 0.0373915 0
0.099 0.08 0 0.0316301
0.099 0.09 0 0.0185731
0.099 0.1 0.00263894 0.00938557
0.099 0.11 0.0103959 0.0016276
0.099 0.12 0.0175115 1.00531e-06
0.099 0.13 0.0241144 0
0.099 0.14 0.0295722 0
0.099 0.15 0.034274 0
0.099 0.16 0.0373835 1.00531e-06
0.1 0.08 0 0.0322433
0.1 0.09 0 0.0197342
0.1 0.1 0.00225793 0.00980981
0.1 0.11 0.00983796 0.00224184
0.1 0.12 0.0170692 1.00531e-06
0.1 0.13 0.0236459 2.01062e-06
0.1 0.14 0.0291429 0
0.1 0.15 0.0339322 0
0.1 0.16 0.0373855 0
0.101 0.08 0 0.0329249
0.101 0.09 0 0.0196297
0.101 0.1 0.00194628 0.0103024
0.101 0.11 0.00943584 0.00216142
0.101 0.12 0.0165665 5.02655e-06
0.101 0.13 0.0232186 0
0.101 0.14 0.0287117 0
0.101 0.15 0.0335572 0
0.101 0.16 0.0373915 -1.00531e-06
0.102 0.08 0 0.0335834
0.102 0.09 0 0.0208089
0.102 0.1 0.00159945 0.0106915
0.102 0.11 0.0089352 0.00279677
0.102 0.12 0.016101 1.40743e-05
0.102 0.13 0.0227733 0
0.102 0.14 0.0283075 1.00531e-06
0.102 0.15 0.0331471 0
0.102 0.16 0.0373875 0
0.103 0.08 0 0.0342962
0.103 0.09 0 0.0206983
0.103 0.1 0.00129584 0.0111479
0.103 0.11 0.00858635 0.00270026
0.103 0.12 0.0156507 2.51327e-05
0.103 0.13 0.022334 0
0.103 0.14 0.0278793 0
0.103 0.15 0.032745 0
0.103 0.16 0.0373845 0
0.104 0.08 0 0.0349255
0.104 0.09 0 0.0219117
0.104 0.1 0.00100129 0.0115822
0.104 0.11 0.00808872 0.00339694
0.104 0.12 0.0152395 4.2223e-05
0.104 0.13 0.0218725 0
0.104 0.14 0.0274952 0
0.104 0.15 0.032382 1.00531e-06
0.104 0.16 0.0373885 0
0.105 0.08 0 0.0356292
0.105 0.09 0 0.0217871
0.105 0.1 0.000740913 0.0120657
0.105 0.11 0.00769866 0.00330345
0.105 0.12 0.014767 5.62974e-05
0.105 0.13 0.0214272 0
0.105 0.14 0.0270257 0
0.105 0.15 0.031997 0
0.105 0.16 0.0373925 0
0.106 0.08 0 0.0362334
0.106 0.09 0 0.0230166
0.106 0.1 0.000472496 0.0124759
0.106 0.11 0.00722114 0.00406045
0.106 0.12 0.0143216 8.54513e-05
0.106 0.13 0.0209537 0
0.106 0.14 0.0266608 0
0.106 0.15 0.0316331 0
0.106 0.16 0.0373945 0
0.107 0.08 0 0.0369944
0.107 0.09 0 0.0228979
0.107 0.1 0.000300588 0.0129956
0.107 0.11 0.00686426 0.00396494
0.107 0.12 0.0138783 0.000125664
0.107 0.13 0.0205717 0
0.107 0.14 0.0262195 0
0.107 0.15 0.031232 0
0.107 0.16 0.0373965 0
0.108 0.08 0 0.037682
0.108 0.09 0 0.0241898
0.108 0.1 0.00016085 0.0134561
0.108 0.11 0.00641388 0.00470988
0.108 0.12 0.0134792 0.000165876
0.108 0.13 0.0201484 0
0.108 0.14 0.0258355 0
0.108 0.15 0.0308449 0
0.108 0.16 0.0373975 0
0.109 0.08 0 0.0384059
0.109 0.09 0 0.0240711
0.109 0.1 8.04248e-05 0.0139467
0.109 0.11 0.00605096 0.00463146
0.109 0.12 0.013056 0.000240269
0.109 0.13 0.0197594 0
0.109 0.14 0.0253961 0
0.109 0.15 0.030488 0
0.109 0.16 0.0373955 0
0.11 0.08 0 0.0390613
0.11 0.09 0 0.0253429
0.11 0.1 4.12177e-05 0.014396
0.11 0.11 0.00558852 0.00543873
0.11 0.12 0.0126227 0.000324715
0.11 0.13 0.019302 0
0.11 0.14 0.0250503 0
0.11 0.15 0.030098 0
0.11 0.16 0.0373985 0
0.111 0.08 0 0.0397801
0.111 0.09 0 0.0252272
0.111 0.1 8.04248e-06 0.0149238
0.111 0.11 0.00525576 0.00534423
0.111 0.12 0.0121874 0.000433289
0.111 0.13 0.0189028 0
0.111 0.14 0.0245999 0
0.111 0.15 0.029717 0
0.111 0.16 0.0373895 0
0.112 0.08 0 0.0404698
0.112 0.09 0 0.026501
0.112 0.1 0 0.0153943
0.112 0.11 0.00481141 0.00622186
0.112 0.12 0.0117852 0.000560963
0.112 0.13 0.0184454 1.00531e-06
0.112 0.14 0.0242662 0
0.112 0.15 0.0293782 0
0.112 0.16 0.0373885 0
0.113 0.08 0 0.0412298
0.113 0.09 0 0.0263994
0.113 0.1 0 0.015906
0.113 0.11 0.00449675 0.00609922
0.113 0.12 0.0113731 0.000724829
0.113 0.13 0.0180513 0
0.113 0.14 0.0238228 1.00531e-06
0.113 0.15 0.028975 0
0.113 0.16 0.0373925 0
0.114 0.08 0 0.0419405
0.114 0.09 0 0.0277697
0.114 0.1 0 0.0163544
0.114 0.11 0.00411172 0.00700299
0.114 0.12 0.0109589 0.000871604
0.114 0.13 0.0176402 0
0.114 0.14 0.0234458 0
0.114 0.15 0.028591 0
0.114 0.16 0.0373915 0
0.115 0.08 0 0.0427317
0.115 0.09 0 0.0276551
0.115 0.1 0 0.0168741
0.115 0.11 0.00381314 0.00690346
0.115 0.12 0.0105497 0.00111087
0.115 0.13 0.0172501 1.00531e-06
0.115 0.14 0.0230256 1.00531e-06
0.115 0.15 0.028201 0
0.115 0.16 0.0373975 0
0.116 0.08 0 0.0434224
0.116 0.09 0 0.028972
0.116 0.1 0 0.0173145
0.116 0.11 0.00344218 0.00780121
0.116 0.12 0.0101697 0.00130188
0.116 0.13 0.0168601 0
0.116 0.14 0.0226476 -1.00531e-06
0.116 0.15 0.0278511 0
0.116 0.16 0.0374005 0
0.117 0.08 0 0.0442276
0.117 0.09 0 0.0288464
0.117 0.1 0 0.0178965
0.117 0.11 0.00311847 0.00768761
0.117 0.12 0.00973944 0.00152707
0.117 0.13 0.0164388 1.00531e-06
0.117 0.14 0.0222354 0
0.117 0.15 0.0274842 0
0.117 0.16 0.0373915 0
0.118 0.08 0 0.0449464
0.118 0.09 0 0.0302146
0.118 0.1 0 0.0183871
0.118 0.11 0.00275354 0.00864667
0.118 0.12 0.00935441 0.00172813
0.118 0.13 0.0159955 2.01062e-06
0.118 0.14 0.0218484 0
0.118 0.15 0.0270871 0
0.118 0.16 0.0373855 0
0.119 0.08 0 0.0457195
0.119 0.09 0 0.0300909
0.119 0.1 0 0.0189762
0.119 0.11 0.00248211 0.00852201
0.119 0.12 0.00897139 0.00203977
0.119 0.13 0.0156155 7.03717e-06
0.119 0.14 0.0214563 0
0.119 0.15 0.0267382 0
0.119 0.16 0.0373855 1.00531e-06
0.12 0.08 0 0.0464333
0.12 0.09 0 0.0315074
0.12 0.1 0 0.0194769
0.12 0.11 0.0021584 0.00947505
0.12 0.12 0.00861551 0.00228708
0.12 0.13 0.0152294 2.11115e-05
0.12 0.14 0.0210844 0
0.12 0.15 0.0263773 0
0.12 0.16 0.0373895 0
0.121 0.08 0 0.0472425
0.121 0.09 0 0.0313767
0.121 0.1 0 0.0200489
0.121 0.11 0.00191512 0.00934737
0.121 0.12 0.00822746 0.00258867
0.121 0.13 0.0148665 2.81487e-05
0.121 0.14 0.0206702 0
0.121 0.15 0.0259933 -1.00531e-06
0.121 0.16 0.0373895 0
0.122 0.08 0 0.0479694
0.122 0.09 0 0.0327882
0.122 0.1 0 0.0205666
0.122 0.11 0.00160447 0.0103949
0.122 0.12 0.00788063 0.00286815
0.122 0.13 0.0144564 7.1377e-05
0.122 0.14 0.0203374 1.00531e-06
0.122 0.15 0.0256424 0
0.122 0.16 0.0373945 0
0.123 0.08 0 0.0488018
0.123 0.09 0 0.0326595
0.123 0.1 0 0.0211527
0.123 0.11 0.00137024 0.0102773
0.123 0.12 0.00747347 0.00318784
0.123 0.13 0.0140804 6.93664e-05
0.123 0.14 0.0199363 1.00531e-06
0.123 0.15 0.0252815 0
0.123 0.16 0.0373955 1.00531e-06
0.124 0.08 0 0.0495738
0.124 0.09 0 0.0341303
0.124 0.1 0 0.0216473
0.124 0.11 0.00109177 0.0112746
0.124 0.12 0.00712363 0.00348239
0.124 0.13 0.0137255 0.000152807
0.124 0.14 0.0195945 1.10584e-05
0.124 0.15 0.0249186 0
0.124 0.16 0.0374026 0
0.125 0.08 0 0.0503801
0.125 0.09 0 0.0340026
0.125 0.1 0 0.0222445
0.125 0.11 0.000880652 0.0111439
0.125 0.12 0.00676373 0.00383827
0.125 0.13 0.0133475 0.000141749
0.125 0.14 0.0191944 7.03717e-06
0.125 0.15 0.0245748 0
0.125 0.16 0.0374066 0
0.126 0.08 0 0.051116
0.126 0.09 0 0.0354724
0.126 0.1 0 0.0227522
0.126 0.11 0.000631335 0.0121884
0.126 0.12 0.00642996 0.00414992
0.126 0.13 0.0129655 0.000293551
0.126 0.14 0.0188546 4.2223e-05
0.126 0.15 0.0242239 0
0.126 0.16 0.0374086 -1.00531e-06
0.127 0.08 0 0.0519584
0.127 0.09 0 0.0353427
0.127 0.1 0 0.0234096
0.127 0.11 0.000459427 0.0120758
0.127 0.12 0.00608011 0.00453093
0.127 0.13 0.0125965 0.00027646
0.127 0.14 0.0184484 3.41805e-05
0.127 0.15 0.023859 1.00531e-06
0.127 0.16 0.0374026 0
0.128 0.08 0 0.0526984
0.128 0.09 0 0.0368145
0.128 0.1 0 0.0239425
0.128 0.11 0.000290535 0.0131505
0.128 0.12 0.00573127 0.00482147
0.128 0.13 0.0122125 0.000548899
0.128 0.14 0.0181107 9.34938e-05
0.128 0.15 0.0235082 2.01062e-06
0.128 0.16 0.0373905 0
0.129 0.08 0 0.0535951
0.129 0.09 0 0.0366838
0.129 0.1 0 0.0245507
0.129 0.11 0.000184977 0.0130188
0.129 0.12 0.00537137 0.00522359
0.129 0.13 0.0118757 0.000519745
0.129 0.14 0.0177065 7.53982e-05
0.129 0.15 0.0231503 1.00531e-06
0.129 0.16 0.0373965 1.00531e-06
0.13 0.08 0 0.054337
0.13 0.09 0 0.0382078
0.13 0.1 0 0.0250664
0.13 0.11 9.75151e-05 0.0141176
0.13 0.12 0.00507682 0.0055664
0.13 0.13 0.0115058 0.000955044
0.13 0.14 0.0173768 0.000180956
0.13 0.15 0.0227944 1.40743e-05
0.13 0.16 0.0373985 -1.00531e-06
0.131 0.08 0 0.0551915
0.131 0.09 0 0.0380771
0.131 0.1 0 0.0256947
0.131 0.11 6.53452e-05 0.0139839
0.131 0.12 0.00473199 0.00598361
0.131 0.13 0.0111831 0.000872609
0.131 0.14 0.0170129 0.00014577
0.131 0.15 0.0224315 1.80956e-05
0.131 0.16 0.0373915 0
0.132 0.08 0 0.0559757
0.132 0.09 0 0.0395992
0.132 0.1 0 0.0262346
0.132 0.11 2.9154e-05 0.0151118
0.132 0.12 0.00443543 0.0063616
0.132 0.13 0.0108031 0.00146675
0.132 0.14 0.0166992 0.000346832
0.132 0.15 0.0220907 5.42867e-05
0.132 0.16 0.0373865 0
0.133 0.08 0 0.0568342
0.133 0.09 0 0.0394584
0.133 0.1 0 0.026881
0.133 0.11 6.03186e-06 0.0149932
0.133 0.12 0.00413886 0.00678785
0.133 0.13 0.0104482 0.00127473
0.133 0.14 0.0163011 0.000263391
0.133 0.15 0.0217509 4.72496e-05
0.133 0.16 0.0373654 0
0.134 0.08 0 0.0576374
0.134 0.09 0 0.0409553
0.134 0.1 0 0.0274771
0.134 0.11 0 0.0160769
0.134 0.12 0.00384632 0.00714172
0.134 0.13 0.0100973 0.00202771
0.134 0.14 0.0159472 0.000597154
0.134 0.15 0.0214372 0.000107568
0.134 0.16 0.0373583 0
0.135 0.08 0 0.058502
0.135 0.09 0 0.0408478
0.135 0.1 0 0.0281125
0.135 0.11 0 0.0159764
0.135 0.12 0.00356583 0.00759009
0.135 0.13 0.00976156 0.00176532
0.135 0.14 0.0155773 0.000497628
0.135 0.15 0.0210542 9.04779e-05
0.135 0.16 0.0373644 0
0.136 0.08 0 0.0593123
0.136 0.09 0 0.0424673
0.136 0.1 0 0.0286704
0.136 0.11 0 0.0170702
0.136 0.12 0.00328033 0.00797814
0.136 0.13 0.00940166 0.00270127
0.136 0.14 0.0152626 0.000997268
0.136 0.15 0.0207355 0.000187993
0.136 0.16 0.0373603 0
0.137 0.08 0 0.0601889
0.137 0.09 0 0.0423316
0.137 0.1 0 0.0293339
0.137 0.11 0 0.0169224
0.137 0.12 0.0029908 0.00843153
0.137 0.13 0.00909705 0.00233634
0.137 0.14 0.0149027 0.000717791
0.137 0.15 0.0204088 0.00016286
0.137 0.16 0.0373553 0
0.138 0.08 0 0.0609821
0.138 0.09 0 0.043925
0.138 0.1 0 0.029907
0.138 0.11 0 0.0181197
0.138 0.12 0.00269121 0.00881355
0.138 0.13 0.00874921 0.00342911
0.138 0.14 0.0145911 0.00148283
0.138 0.15 0.020062 0.000361912
0.138 0.16 0.0373553 0
0.139 0.08 0 0.0618668
0.139 0.09 0 0.0438004
0.139 0.1 0 0.0306047
0.139 0.11 0 0.0179679
0.139 0.12 0.00242581 0.00924885
0.139 0.13 0.00843958 0.00292746
0.139 0.14 0.0142322 0.00101938
0.139 0.15 0.0197141 0.000310641
0.139 0.16 0.0373513 0
0.14 0.08 0 0.0627213
0.14 0.09 0 0.0453857
0.14 0.1 0 0.0312129
0.14 0.11 0 0.0192024
0.14 0.12 0.00220364 0.00970928
0.14 0.13 0.00811486 0.00419214
0.14 0.14 0.0139306 0.00201866
0.14 0.15 0.0193985 0.000601175
0.14 0.16 0.0373503 0
0.141 0.08 0 0.063617
0.141 0.09 0 0.0452691
0.141 0.1 0 0.0318703
0.141 0.11 0 0.0190677
0.141 0.12 0.00195834 0.0101647
0.141 0.13 0.00781729 0.00353568
0.141 0.14 0.0136149 0.00141749
0.141 0.15 0.0190737 0.000498634
0.141 0.16 0.0373543 0
0.142 0.08 0 0.0644575
0.142 0.09 0 0.0468766
0.142 0.1 0 0.0324494
0.142 0.11 0 0.0203103
0.142 0.12 0.00172813 0.0106271
0.142 0.13 0.00745236 0.00501147
0.142 0.14 0.0133003 0.00266307
0.142 0.15 0.0187732 0.000989225
0.142 0.16 0.0373603 0
0.143 0.08 0 0.0653854
0.143 0.09 0 0.0467439
0.143 0.1 0 0.0331551
0.143 0.11 0 0.0201514
0.143 0.12 0.00148183 0.0110654
0.143 0.13 0.00716283 0.00437913
0.143 0.14 0.0129243 0.00176733
0.143 0.15 0.0184123 0.000784142
0.143 0.16 0.0373503 0
0.144 0.08 0 0.0662278
0.144 0.09 0 0.0483735
0.144 0.1 0 0.0337844
0.144 0.11 0 0.0213679
0.144 0.12 0.0012677 0.0115259
0.144 0.13 0.00686024 0.00583582
0.144 0.14 0.0126156 0.00334065
0.144 0.15 0.0180956 0.00144765
0.144 0.16 0.0373483 0
0.145 0.08 0 0.0671396
0.145 0.09 0 0.0482539
0.145 0.1 0 0.0345042
0.145 0.11 0 0.0212382
0.145 0.12 0.00107468 0.0120054
0.145 0.13 0.00655663 0.00510195
0.145 0.14 0.0122819 0.00221671
0.145 0.15 0.0177618 0.00112394
0.145 0.16 0.0373483 0
0.146 0.08 0 0.067969
0.146 0.09 0 0.0499418
0.146 0.1 0 0.0351215
0.146 0.11 0 0.0224817
0.146 0.12 0.000871604 0.012493
0.146 0.13 0.00625202 0.00674261
0.146 0.14 0.0119722 0.00403129
0.146 0.15 0.0174492 0.00196035
0.146 0.16 0.0373362 0
0.147 0.08 0 0.068911
0.147 0.09 0 0.0498081
0.147 0.1 0 0.03578
0.147 0.11 0 0.02234
0.147 0.12 0.000671547 0.0129816
0.147 0.13 0.00598159 0.00590519
0.147 0.14 0.0116706 0.00270127
0.147 0.15 0.0171255 0.00146976
0.147 0.16 0.0373282 0
0.148 0.08 0 0.0697585
0.148 0.09 0 0.0514286
0.148 0.1 0 0.0364013
0.148 0.11 0 0.0236499
0.148 0.12 0.000505671 0.0135234
0.148 0.13 0.0056418 0.0076866
0.148 0.14 0.0113932 0.00482247
0.148 0.15 0.0168158 0.00257158
0.148 0.16 0.0373282 0
0.149 0.08 0 0.0706642
0.149 0.09 0 0.051307
0.149 0.1 0 0.0371502
0.149 0.11 0 0.0235102
0.149 0.12 0.000361912 0.0139577
0.149 0.13 0.00536534 0.00671346
0.149 0.14 0.0110654 0.00313255
0.149 0.15 0.0165072 0.00190707
0.149 0.16 0.0373181 0
0.15 0.08 0 0.0715188
0.15 0.09 0 0.0529658
0.15 0.1 0 0.0378067
0.15 0.11 0 0.0247859
0.15 0.12 0.000251328 0.0145006
0.15 0.13 0.005111 0.00864164
0.15 0.14 0.0107568 0.00560661
0.15 0.15 0.0162257 0.00322705
0.15 0.16 0.0373282 -1.00531e-06
0.151 0.08 0 0.0724487
0.151 0.09 0 0.0528421
0.151 0.1 0 0.0385235
0.151 0.11 0 0.0246502
0.151 0.12 0.000155823 0.0149831
0.151 0.13 0.00484057 0.00754787
0.151 0.14 0.0104029 0.00375986
0.151 0.15 0.015908 0.00229613
0.151 0.16 0.0373332 1.00531e-06
0.152 0.08 0 0.0733263
0.152 0.09 0 0.0545381
0.152 0.1 0 0.0391448
0.152 0.11 0 0.025931
0.152 0.12 9.55045e-05 0.0155753
0.152 0.13 0.00455405 0.00959468
0.152 0.14 0.0101406 0.00647018
0.152 0.15 0.0155823 0.00387245
0.152 0.16 0.0373382 0
0.153 0.08 0 0.0742924
0.153 0.09 0 0.0544215
0.153 0.1 0 0.0398535
0.153 0.11 0 0.0257882
0.153 0.12 6.13239e-05 0.0160116
0.153 0.13 0.00431077 0.00846572
0.153 0.14 0.00984198 0.00444448
0.153 0.15 0.0152646 0.00273545
0.153 0.16 0.0373342 0
0.154 0.08 0 0.075161
0.154 0.09 0 0.0561496
0.154 0.1 0 0.0404798
0.154 0.11 0 0.0271514
0.154 0.12 3.82018e-05 0.0166258
0.154 0.13 0.00403431 0.0105879
0.154 0.14 0.00956351 0.00735786
0.154 0.15 0.014961 0.0046204
0.154 0.16 0.0373292 0
0.155 0.08 0 0.0760919
0.155 0.09 0 0.05604
0.155 0.1 0 0.0412559
0.155 0.11 0 0.0270066
0.155 0.12 1.10584e-05 0.0170199
0.155 0.13 0.00379404 0.00942679
0.155 0.14 0.00923277 0.00510697
0.155 0.15 0.0146685 0.00320593
0.155 0.16 0.0373382 0
0.156 0.08 0 0.0769876
0.156 0.09 0 0.0577309
0.156 0.1 0 0.0419526
0.156 0.11 0 0.0283558
0.156 0.12 2.01062e-06 0.0176874
0.156 0.13 0.0035407 0.0116184
0.156 0.14 0.00897038 0.00825561
0.156 0.15 0.014391 0.00539349
0.156 0.16 0.0373322 0
0.157 0.08 0 0.0779728
0.157 0.09 0 0.0576063
0.157 0.1 0 0.0427046
0.157 0.11 0 0.0281939
0.157 0.12 0 0.0180946
0.157 0.13 0.00330345 0.0103215
0.157 0.14 0.00866276 0.0058127
0.157 0.15 0.0141055 0.00370859
0.157 0.16 0.0373251 0
0.158 0.08 0 0.0788746
0.158 0.09 0 0.0593595
0.158 0.1 0 0.0433801
0.158 0.11 0 0.0295722
0.158 0.12 0 0.0188506
0.158 0.13 0.00307725 0.0126589
0.158 0.14 0.00841143 0.00916943
0.158 0.15 0.0138562 0.00617864
0.158 0.16 0.0373251 0
0.159 0.08 0 0.0798085
0.159 0.09 0 0.0592278
0.159 0.1 0 0.0441291
0.159 0.11 0 0.0294274
0.159 0.12 0 0.0191894
0.159 0.13 0.00281889 0.0112404
0.159 0.14 0.00812894 0.00666219
0.159 0.15 0.0135677 0.00440125
0.159 0.16 0.0373312 0
0.16 0.08 0 0.0806691
0.16 0.09 0 0.0609771
0.16 0.1 0 0.0448228
0.16 0.11 0 0.030859
0.16 0.12 0 0.0200057
0.16 0.13 0.00257862 0.0137406
0.16 0.14 0.00785147 0.0100823
0.16 0.15 0.0132731 0.00699796
0.16 0.16 0.0373342 0
0.161 0.08 0 0.0816865
0.161 0.09 0 0.0608595
0.161 0.1 0 0.0455275
0.161 0.11 0 0.0306871
0.161 0.12 0 0.0203274
0.161 0.13 0.0023856 0.0121723
0.161 0.14 0.00755088 0.00741617
0.161 0.15 0.0129313 0.00506375
0.161 0.16 0.0373362 0
0.162 0.08 0 0.082548
0.162 0.09 0 0.0626469
0.162 0.1 0 0.0462392
0.162 0.11 0 0.0320724
0.162 0.12 0 0.0211648
0.162 0.13 0.00217449 0.0148183
0.162 0.14 0.00729352 0.0110825
0.162 0.15 0.0126408 0.00788163
0.162 0.16 0.0373402 0
0.163 0.08 0 0.0835362
0.163 0.09 0 0.0625072
0.163 0.1 0 0.0470133
0.163 0.11 0 0.0319337
0.163 0.12 0 0.0214644
0.163 0.13 0.00197041 0.0132791
0.163 0.14 0.00703013 0.00813798
0.163 0.15 0.0123784 0.00569207
0.163 0.16 0.0373392 0
0.164 0.08 0 0.0844149
0.164 0.09 0 0.0643036
0.164 0.1 0 0.047706
0.164 0.11 0 0.0333582
0.164 0.12 0 0.0223239
0.164 0.13 0.00177437 0.015912
0.164 0.14 0.00678886 0.0120245
0.164 0.15 0.012118 0.00875625
0.164 0.16 0.0373412 0
0.165 0.08 0 0.0854142
0.165 0.09 0 0.064174
0.165 0.1 0 0.048466
0.165 0.11 0 0.0332195
0.165 0.12 0 0.0225863
0.165 0.13 0.00157029 0.0142171
0.165 0.14 0.00650637 0.00905382
0.165 0.15 0.0118335 0.00657573
0.165 0.16 0.0373402 0
0.166 0.08 0 0.0863039
0.166 0.09 0 0.0659594
0.166 0.1 0 0.0491828
0.166 0.11 0 0.0347073
0.166 0.12 0 0.0235232
0.166 0.13 0.00136421 0.017038
0.166 0.14 0.00626107 0.013059
0.166 0.15 0.0115902 0.00963389
0.166 0.16 0.0373422 0
0.167 0.08 0 0.0872458
0.167 0.09 0 0.0658418
0.167 0.1 0 0.049974
0.167 0.11 0 0.0345736
0.167 0.12 0 0.0237746
0.167 0.13 0.00119933 0.0153089
0.167 0.14 0.00601477 0.00988722
0.167 0.15 0.0113369 0.00724125
0.167 0.16 0.0373332 0
0.168 0.08 0 0.0881657
0.168 0.09 0 0.0676202
0.168 0.1 0 0.0506435
0.168 0.11 0 0.0359871
0.168 0.12 0 0.024793
0.168 0.13 0.00103647 0.0182072
0.168 0.14 0.00575641 0.0140522
0.168 0.15 0.0110463 0.0105497
0.168 0.16 0.0373262 0
0.169 0.08 0 0.0891378
0.169 0.09 0 0.0675025
0.169 0.1 0 0.0514357
0.169 0.11 0 0.0358393
0.169 0.12 0 0.0249498
0.169 0.13 0.000865572 0.0163112
0.169 0.14 0.00548497 0.0109539
0.169 0.15 0.0107659 0.00809375
0.169 0.16 0.0373201 1.00531e-06
0.17 0.08 0 0.0900516
0.17 0.09 0 0.0693372
0.17 0.1 0 0.0521384
0.17 0.11 0 0.0373312
0.17 0.12 0 0.0260174
0.17 0.13 0.00069668 0.019308
0.17 0.14 0.00527989 0.0151138
0.17 0.15 0.0105196 0.0114625
0.17 0.16 0.0373251 0
0.171 0.08 0 0.0909976
0.171 0.09 0 0.0692096
0.171 0.1 0 0.0529517
0.171 0.11 0 0.0371824
0.171 0.12 0 0.0261169
0.171 0.13 0.000558952 0.0174069
0.171 0.14 0.00502152 0.0117702
0.171 0.15 0.0102471 0.00891609
0.171 0.16 0.0373251 0
0.172 0.08 0 0.0918863
0.172 0.09 0 0.07099
0.172 0.1 0 0.0536534
0.172 0.11 0 0.0387054
0.172 0.12 0 0.0272449
0.172 0.13 0.000418209 0.0204641
0.172 0.14 0.0048084 0.0161282
0.172 0.15 0.0100149 0.0124055
0.172 0.16 0.0373181 -1.00531e-06
0.173 0.08 0 0.0928514
0.173 0.09 0 0.0708553
0.173 0.1 0 0.0544526
0.173 0.11 0 0.0385567
0.173 0.12 0 0.0274048
0.173 0.13 0.000313657 0.0186123
0.173 0.14 0.00455305 0.0128016
0.173 0.15 0.00973241 0.00979272
0.173 0.16 0.0373121 -1.00531e-06
0.174 0.08 0 0.0937612
0.174 0.09 0 0.0726869
0.174 0.1 0 0.0552257
0.174 0.11 0 0.0399872
0.174 0.12 0 0.0285599
0.174 0.13 0.000216142 0.0216755
0.174 0.14 0.00436305 0.017236
0.174 0.15 0.00950018 0.0133907
0.174 0.16 0.0373091 -1.00531e-06
0.175 0.08 0 0.0947525
0.175 0.09 0 0.0725603
0.175 0.1 0 0.0560249
0.175 0.11 0 0.0398796
0.175 0.12 0 0.0286232
0.175 0.13 0.000146775 0.0195935
0.175 0.14 0.0041268 0.0137386
0.175 0.15 0.00922674 0.0106261
0.175 0.16 0.0372869 0
0.176 0.08 0 0.095617
0.176 0.09 0 0.0743879
0.176 0.1 0 0.0567286
0.176 0.11 0 0.0414047
0.176 0.12 0 0.0298557
0.176 0.13 9.34938e-05 0.0228467
0.176 0.14 0.00391669 0.0183248
0.176 0.15 0.00897239 0.0144001
0.176 0.16 0.0372859 0
0.177 0.08 0 0.096562
0.177 0.09 0 0.0742522
0.177 0.1 0 0.0575057
0.177 0.11 0 0.0412489
0.177 0.12 0 0.0298406
0.177 0.13 6.73558e-05 0.0207174
0.177 0.14 0.00367642 0.0147228
0.177 0.15 0.00872106 0.0115108
0.177 0.16 0.0372779 0
0.178 0.08 0 0.0974296
0.178 0.09 0 0.076099
0.178 0.1 0 0.0582627
0.178 0.11 0 0.0428533
0.178 0.12 0 0.0311576
0.178 0.13 4.5239e-05 0.0240732
0.178 0.14 0.00349647 0.0193723
0.178 0.15 0.00849185 0.0153802
0.178 0.16 0.0372739 0
0.179 0.08 0 0.0984018
0.179 0.09 0 0.0759733
0.179 0.1 0 0.059075
0.179 0.11 0 0.0426734
0.179 0.12 0 0.0311143
0.179 0.13 2.61381e-05 0.021778
0.179 0.14 0.00329943 0.015713
0.179 0.15 0.0082546 0.0123814
0.179 0.16 0.0372658 0
0.18 0.08 0 0.0992502
0.18 0.09 0 0.0778462
0.18 0.1 0 0.059818
0.18 0.11 0 0.0442517
0.18 0.12 0 0.0325157
0.18 0.13 7.03717e-06 0.0252956
0.18 0.14 0.00310239 0.0204721
0.18 0.15 0.00802539 0.0163835
0.18 0.16 0.0372498 0
0.181 0.08 0 0.100193
0.181 0.09 0 0.0777085
0.181 0.1 0 0.0606423
0.181 0.11 0 0.0440456
0.181 0.12 0 0.032191
0.181 0.13 0 0.0220877
0.181 0.14 0.00285307 0.0152526
0.181 0.15 0.007762 0.0109197
0.181 0.16 0.0372437 0
0.182 0.08 0 0.101078
0.182 0.09 0 0.0795954
0.182 0.1 0 0.0613742
0.182 0.11 0 0.0456763
0.182 0.12 0 0.0338397
0.182 0.13 0 0.0265422
0.182 0.14 0.00267111 0.0216383
0.182 0.15 0.00755893 0.0174371
0.182 0.16 0.0372568 0
0.183 0.08 0 0.101948
0.183 0.09 0 0.0794688
0.183 0.1 0 0.0622287
0.183 0.11 0 0.0455084
0.183 0.12 0 0.0336246
0.183 0.13 0 0.0241727
0.183 0.14 0.00248312 0.0178161
0.183 0.15 0.00730358 0.0143136
0.183 0.16 0.0372528 0
0.184 0.08 0 0.102827
0.184 0.09 0 0.0813095
0.184 0.1 0 0.0629314
0.184 0.11 0 0.047137
0.184 0.12 0 0.0351527
0.184 0.13 0 0.0278169
0.184 0.14 0.00232126 0.0227582
0.184 0.15 0.00708442 0.0184756
0.184 0.16 0.0372538 0
0.185 0.08 0 0.103729
0.185 0.09 0 0.0811697
0.185 0.1 0 0.063793
0.185 0.11 0 0.0468907
0.185 0.12 0 0.034832
0.185 0.13 0 0.0243898
0.185 0.14 0.00213427 0.0173708
0.185 0.15 0.00686928 0.0127654
0.185 0.16 0.0372457 0
0.186 0.08 0 0.104562
0.186 0.09 0 0.0830275
0.186 0.1 0 0.064563
0.186 0.11 0 0.0485595
0.186 0.12 0 0.0365561
0.186 0.13 0 0.0290414
0.186 0.14 0.00196035 0.0239274
0.186 0.15 0.00663806 0.019507
0.186 0.16 0.0372357 0
0.187 0.08 0 0.105404
0.187 0.09 0 0.0828959
0.187 0.1 0 0.0654105
0.187 0.11 0 0.0483614
0.187 0.12 0 0.0363269
0.187 0.13 0 0.0263834
0.187 0.14 0.00179448 0.0199212
0.187 0.15 0.00642293 0.0161242
0.187 0.16 0.0372266 0
0.188 0.08 0 0.106195
0.188 0.09 0 0.0847446
0.188 0.1 0 0.0661474
0.188 0.11 0 0.0500564
0.188 0.12 0 0.0379173
0.188 0.13 0 0.0303141
0.188 0.14 0.0016276 0.0250563
0.188 0.15 0.00621382 0.0205526
0.188 0.16 0.0372196 0
0.189 0.08 0 0.106982
0.189 0.09 0 0.0846129
0.189 0.1 0 0.0669677
0.189 0.11 0 0.0498171
0.189 0.12 0 0.0374016
0.189 0.13 0 0.0268126
0.189 0.14 0.00146474 0.0196015
0.189 0.15 0.00598863 0.0146524
0.189 0.16 0.0372337 0
0.19 0.08 0 0.107721
0.19 0.09 0 0.0864657
0.19 0.1 0 0.0677106
0.19 0.11 0 0.0514859
0.19 0.12 0 0.0393207
0.19 0.13 0 0.0316401
0.19 0.14 0.00129685 0.0262879
0.19 0.15 0.00578355 0.0216343
0.19 0.16 0.0372367 0
0.191 0.08 0 0.108468
0.191 0.09 0 0.0863591
0.191 0.1 0 0.0685833
0.191 0.11 0 0.0512658
0.191 0.12 0 0.0390191
0.191 0.13 0 0.0288142
0.191 0.14 0.00115209 0.0221379
0.191 0.15 0.00556238 0.018182
0.191 0.16 0.0372387 0
0.192 0.08 0 0.109084
0.192 0.09 0 0.0881697
0.192 0.1 0 0.0693362
0.192 0.11 0 0.0529678
0.192 0.12 0 0.040705
0.192 0.13 0 0.0329249
0.192 0.14 0.00102441 0.027452
0.192 0.15 0.00536433 0.022725
0.192 0.16 0.0372357 0
0.193 0.08 0 0.109736
0.193 0.09 0 0.0880822
0.193 0.1 0 0.0701606
0.193 0.11 0 0.0526973
0.193 0.12 0 0.0401611
0.193 0.13 0 0.0292113
0.193 0.14 0.000880652 0.0218122
0.193 0.15 0.00515623 0.0166077
0.193 0.16 0.0372276 0
0.194 0.08 0 0.110261
0.194 0.09 0 0.0899069
0.194 0.1 0 0.0709186
0.194 0.11 0 0.0544647
0.194 0.12 0 0.0420893
0.194 0.13 0 0.0342288
0.194 0.14 0.000750967 0.0286031
0.194 0.15 0.0049602 0.0238228
0.194 0.16 0.0372216 0
0.195 0.08 0 0.110726
0.195 0.09 0 0.0898074
0.195 0.1 0 0.071761
0.195 0.11 0 0.0542304
0.195 0.12 0 0.0416721
0.195 0.13 0 0.0312098
0.195 0.14 0.000616255 0.0243446
0.195 0.15 0.0047702 0.0202801
0.195 0.16 0.0372136 0
0.196 0.08 0 0.110956
0.196 0.09 0 0.0915958
0.196 0.1 0 0.072513
0.196 0.11 0 0.0560269
0.196 0.12 0 0.0435219
0.196 0.13 0 0.0355468
0.196 0.14 0.000495618 0.0298145
0.196 0.15 0.00457215 0.0249196
0.196 0.16 0.0372166 0
0.197 0.08 0 0.111037
0.197 0.09 0 0.0914902
0.197 0.1 0 0.0733514
0.197 0.11 0 0.0557555
0.197 0.12 0 0.0429187
0.197 0.13 0 0.0317557
0.197 0.14 0.000385034 0.0240711
0.197 0.15 0.00437511 0.0187329
0.197 0.16 0.0372216 -1.00531e-06
0.198 0.08 0 0.111048
0.198 0.09 0 0.0932807
0.198 0.1 0 0.0741436
0.198 0.11 0 0.0575078
0.198 0.12 0 0.0449625
0.198 0.13 0 0.0368798
0.198 0.14 0.000296566 0.031049
0.198 0.15 0.00420923 0.0260989
0.198 0.16 0.0372216 -1.00531e-06
0.199 0.08 0 0.111048
0.199 0.09 0 0.0931772
0.199 0.1 0 0.074968
0.199 0.11 0 0.0571891
0.199 0.12 0 0.0444769
0.199 0.13 0 0.0337101
0.199 0.14 0.000224184 0.0267392
0.199 0.15 0.00400415 0.0223983
0.199 0.16 0.0372186 0
0.2 0.08 0 0.111048
0.2 0.09 0 0.0950038
0.2 0.1 0 0.0757672
0.2 0.11 0 0.0590047
0.2 0.12 0 0.0463699
0.2 0.13 0 0.0382319
0.2 0.14 0.000158839 0.0322725
0.2 0.15 0.00381917 0.0271755
0.2 0.16 0.0372266 0
